guide_gene	subcluster	P.Value	FDR	limma_coef	Tstatistic	PropRatio	PropMean.treatGuide	PropMean.treatNonTarget2	guide	guide_gene_idx
Foxg1	cluster_5	6.41E-07	9.61E-06	-2.38595864	-8.394585263	0.100762131	0.010754526	0.106731821	Foxg1_1	1
Foxg1	cluster_7	4.15E-05	0.000244943	3.587679217	7.8674356	24.39634249	0.273223161	0.011199349	Foxg1_1	1
Foxg1	cluster_21	5.63E-05	0.000244943	-1.491791747	-5.627320374	0.184311131	0.006097057	0.033080243	Foxg1_1	1
Foxg1	cluster_2	6.53E-05	0.000244943	-3.387876511	-7.395179602	0.028833979	0.003468208	0.120281979	Foxg1_1	1
Foxg1	cluster_0	0.000171735	0.000515206	-1.237609333	-5.02311405	0.29904795	0.047843832	0.159987158	Foxg1_1	1
Tbr1	cluster_2	8.22E-05	0.001159867	-1.442194601	-8.291193865	0.249064882	0.029958017	0.120281979	Tbr1_1	1
Tbr1	cluster_5	0.000154649	0.001159867	-1.274604804	-7.492289368	0.279926173	0.02987703	0.106731821	Tbr1_1	1
Foxg1	cluster_17	0.001177009	0.002942522	-1.140823144	-4.030944415	0.271719233	0.005984822	0.022025757	Foxg1_1	1
Tbr1	cluster_3	0.001166006	0.005830029	1.283021227	5.333046411	3.108695756	0.235512514	0.075759268	Tbr1_1	1
Foxg1	cluster_4	0.006313321	0.013528545	0.822367269	3.193822577	2.003159302	0.137240488	0.068512019	Foxg1_1	1
Foxg1	cluster_7	0.001654015	0.024810224	0.886525406	3.33472377	1.829252269	0.020486435	0.011199349	Foxg1_3	3
Foxg1	cluster_7	0.001841574	0.027623613	1.581315754	4.379333147	4.15512655	0.046534714	0.011199349	Foxg1_2	2
Tcf4	cluster_8	0.002099057	0.031485855	-0.744702544	-4.754625227	0.4601384	0.019269654	0.041877952	Tcf4_1	1
Foxg1	cluster_21	0.004482864	0.033621479	-1.127926979	-3.694226011	0.22141168	0.007324352	0.033080243	Foxg1_2	2
Foxg1	cluster_21	0.006536214	0.049021607	-0.694955814	-2.817922614	0.47510803	0.015716689	0.033080243	Foxg1_3	3
Tbr1	cluster_12	0.004994712	0.074920682	-1.070023251	-3.359895451	0.203460693	0.006349206	0.031206059	Tbr1_2	2
Foxg1	cluster_11	0.040632056	0.076185106	-0.537693669	-2.249393802	0.616121409	0.03289071	0.053383488	Foxg1_1	1
Foxg1	cluster_6	0.046205916	0.07700986	0.530996443	2.181433596	1.599357908	0.125553692	0.078502561	Foxg1_1	1
Tbr1	cluster_12	0.006774918	0.09437298	-0.892227297	-2.804834527	0.359080327	0.011205482	0.031206059	Tbr1_3	3
Tbr1	cluster_17	0.015836679	0.09437298	0.836409264	2.505342929	1.892505882	0.041683874	0.022025757	Tbr1_3	3
Tbr1	cluster_10	0.018874596	0.09437298	-0.805099711	-2.434002389	0.553389958	0.024722584	0.044674797	Tbr1_3	3
Foxg1	cluster_5	0.020865959	0.104329797	-0.844078295	-2.762616	0.516397504	0.055116046	0.106731821	Foxg1_2	2
Foxg1	cluster_9	0.069930698	0.104896046	0.512151479	1.957886753	1.479562494	0.058612033	0.039614435	Foxg1_1	1
Foxg1	cluster_3	0.105503651	0.143868616	-0.468459479	-1.727358424	0.651889719	0.049386688	0.075759268	Foxg1_1	1
Tbr1	cluster_6	0.047045145	0.149216251	0.483915726	2.41752337	1.565323241	0.122881883	0.078502561	Tbr1_1	1
Tbr1	cluster_0	0.04973875	0.149216251	-0.356613368	-2.379224	0.72946519	0.116705063	0.159987158	Tbr1_1	1
Foxg1	cluster_12	0.137558688	0.17194836	-0.444527116	-1.572533484	0.686718312	0.021429772	0.031206059	Foxg1_1	1
GFP	cluster_12	0.01300772	0.195115794	-1.032440685	-3.309932095	0.388077056	0.012110355	0.031206059	GFP	
NonTarget1	cluster_21	0.020596052	0.203069835	-0.626250701	-3.072829272	0.507547129	0.016789782	0.033080243	NonTarget1	
NonTarget1	cluster_1	0.027075978	0.203069835	-0.422094953	-2.855015169	0.705847628	0.079875916	0.113163114	NonTarget1	
Nr2f1	cluster_11	0.01432449	0.21486735	-0.618228404	-3.076150739	0.515888095	0.027539906	0.053383488	Nr2f1_1	1
Nr2f1	cluster_2	0.016976832	0.254652473	0.693393901	2.931083929	1.757481485	0.211393351	0.120281979	Nr2f1_2	2
Tcf4	cluster_21	0.018514967	0.277724507	-0.74901993	-2.861873965	0.559172849	0.018497574	0.033080243	Tcf4_3	3
Tcf4	cluster_4	0.062865108	0.284791052	0.363102438	2.21119237	1.373225704	0.094082466	0.068512019	Tcf4_1	1
Tcf4	cluster_11	0.064961156	0.284791052	-0.391884869	-2.188928009	0.668701986	0.035697644	0.053383488	Tcf4_1	1
Tcf4	cluster_3	0.108174458	0.284791052	-0.381801187	-1.842329624	0.712264794	0.053960659	0.075759268	Tcf4_1	1
Tcf4	cluster_0	0.111886237	0.284791052	0.367802114	1.819278933	1.257833912	0.201237273	0.159987158	Tcf4_1	1
Tcf4	cluster_21	0.113916421	0.284791052	-0.698287832	-1.820946275	0.677604753	0.02241533	0.033080243	Tcf4_1	1
Nr2f1	cluster_21	0.038671998	0.290039988	-1.011941192	-2.459874635	0.282835084	0.009356253	0.033080243	Nr2f1_2	2
Tcf4	cluster_17	0.028569656	0.305291115	0.650401307	2.560806937	1.570142086	0.034583567	0.022025757	Tcf4_2	2
Tcf4	cluster_11	0.040705482	0.305291115	-0.538804489	-2.352998638	0.607052272	0.032406568	0.053383488	Tcf4_2	2
SafeTarget	cluster_17	0.02084773	0.312715949	0.596863754	2.638653008	1.534515578	0.033798867	0.022025757	SafeTarget	
Tcf4	cluster_0	0.065290106	0.32645053	0.426089993	2.072836772	1.308906508	0.209408233	0.159987158	Tcf4_2	2
Nr2f1	cluster_4	0.045010486	0.337578647	0.51677781	2.352623615	1.574704621	0.107886193	0.068512019	Nr2f1_1	1
Tbr1	cluster_21	0.091376075	0.34266028	-0.545771601	-1.71570522	0.410759909	0.013588038	0.033080243	Tbr1_3	3
Tbr1	cluster_12	0.170543564	0.372422103	-0.415467377	-1.531208549	0.686280332	0.021416104	0.031206059	Tbr1_1	1
Tbr1	cluster_9	0.173796982	0.372422103	0.28216782	1.517897592	1.255336288	0.049729438	0.039614435	Tbr1_1	1
Tcf4	cluster_12	0.182831468	0.389045534	-0.32001014	-1.479155404	0.716618424	0.022362837	0.031206059	Tcf4_1	1
Tcf4	cluster_5	0.257279019	0.389045534	-0.189833041	-1.23378044	0.87616777	0.093514982	0.106731821	Tcf4_1	1
Tcf4	cluster_17	0.264794015	0.389045534	0.298720676	1.212593313	1.055611411	0.02325064	0.022025757	Tcf4_1	1
Tcf4	cluster_1	0.279178658	0.389045534	0.162527985	1.173413928	1.156445196	0.13086694	0.113163114	Tcf4_1	1
Tcf4	cluster_9	0.285300058	0.389045534	0.368201088	1.162446847	1.28170152	0.050773882	0.039614435	Tcf4_1	1
Foxg1	cluster_4	0.080116875	0.400584373	0.433421184	1.78013828	1.550607589	0.106235257	0.068512019	Foxg1_3	3
GFP	cluster_21	0.053691421	0.402685661	-0.38225832	-2.317822123	0.790685232	0.026156059	0.033080243	GFP	
Foxg1	cluster_2	0.112644163	0.411419806	-0.39462105	-1.610013185	0.764122086	0.091910117	0.120281979	Foxg1_3	3
Foxg1	cluster_5	0.137139935	0.411419806	-0.368247296	-1.506679885	0.712179977	0.076012266	0.106731821	Foxg1_3	3
Tbr1	cluster_9	0.140575906	0.421727717	0.475051869	1.493388389	1.518682452	0.060161748	0.039614435	Tbr1_3	3
GFP	cluster_9	0.087287091	0.432298475	0.316587944	1.988024827	1.344298308	0.053253619	0.039614435	GFP	
GFP	cluster_17	0.115279593	0.432298475	0.400658092	1.798531044	1.334560225	0.029394699	0.022025757	GFP	
Tbr1	cluster_4	0.235710317	0.441956844	0.246327343	1.299874739	1.2263374	0.084018851	0.068512019	Tbr1_1	1
Foxg1	cluster_12	0.148603304	0.452475941	-0.39731012	-1.571337118	0.729326788	0.022759415	0.031206059	Foxg1_2	2
Foxg1	cluster_6	0.191396165	0.452475941	0.36198382	1.406041553	1.390658748	0.109170273	0.078502561	Foxg1_2	2
Foxg1	cluster_4	0.193872642	0.452475941	0.424138664	1.397493294	1.485738825	0.101790967	0.068512019	Foxg1_2	2
Foxg1	cluster_2	0.211155439	0.452475941	-0.312597859	-1.340291854	0.736371152	0.088572179	0.120281979	Foxg1_2	2
Tbr1	cluster_11	0.275020859	0.458368098	-0.306755105	-1.186378395	0.803641422	0.042901182	0.053383488	Tbr1_1	1
Foxg1	cluster_8	0.245412699	0.46014881	-0.332790131	-1.237622206	0.706665025	0.029593684	0.041877952	Foxg1_2	2
NonTarget1	cluster_17	0.119797484	0.481370347	0.620484474	1.808811268	1.834519063	0.04040667	0.022025757	NonTarget1	
NonTarget1	cluster_7	0.149985278	0.481370347	-0.763427313	-1.646965392	0.197912541	0.002216492	0.011199349	NonTarget1	
NonTarget1	cluster_9	0.184924009	0.481370347	0.268077194	1.488681812	1.324292086	0.052461083	0.039614435	NonTarget1	
NonTarget1	cluster_4	0.192548139	0.481370347	0.314964088	1.459364348	1.406421882	0.096356803	0.068512019	NonTarget1	
Nr2f1	cluster_12	0.100059368	0.49691809	-0.766916345	-1.862076303	0.608687941	0.018994752	0.031206059	Nr2f1_1	1
Nr2f1	cluster_17	0.132511491	0.49691809	0.46727124	1.677051508	1.489236774	0.032801567	0.022025757	Nr2f1_1	1
NonTarget1	cluster_2	0.236234261	0.506216274	0.154189457	1.307253749	1.123507113	0.135137659	0.120281979	NonTarget1	
Nr2f1	cluster_11	0.133517152	0.509126804	-0.726624722	-1.665481501	0.643130657	0.034332558	0.053383488	Nr2f1_2	2
Nr2f1	cluster_0	0.159201726	0.509126804	-0.400163483	-1.536774833	0.647842561	0.10364649	0.159987158	Nr2f1_2	2
Nr2f1	cluster_12	0.198199012	0.509126804	-0.549652525	-1.400174524	0.650191736	0.020289922	0.031206059	Nr2f1_2	2
Nr2f1	cluster_4	0.203650722	0.509126804	0.371466414	1.372318738	1.468245078	0.100592435	0.068512019	Nr2f1_2	2
SafeTarget	cluster_12	0.085021229	0.510049954	-0.470583684	-1.868612958	0.796879103	0.024867456	0.031206059	SafeTarget	
SafeTarget	cluster_4	0.126093243	0.510049954	0.325070463	1.637835884	1.361798431	0.09329956	0.068512019	SafeTarget	
SafeTarget	cluster_11	0.136013321	0.510049954	-0.332336289	-1.592256449	0.741069518	0.039560876	0.053383488	SafeTarget	
Nr2f1	cluster_21	0.174244346	0.522733039	-0.375802227	-1.492964794	0.751342411	0.024854589	0.033080243	Nr2f1_1	1
Nr2f1	cluster_10	0.215601024	0.53900256	-0.546593527	-1.346088609	0.697341337	0.031153583	0.044674797	Nr2f1_1	1
Tbr1	cluster_10	0.360637756	0.540956634	0.315218796	0.980006057	1.617960527	0.072282058	0.044674797	Tbr1_1	1
Tcf4	cluster_17	0.196465412	0.562660346	0.499441994	1.406705279	1.252161527	0.027579805	0.022025757	Tcf4_3	3
Tcf4	cluster_11	0.199927459	0.562660346	-0.326958395	-1.382045316	0.720796137	0.038478612	0.053383488	Tcf4_3	3
Tcf4	cluster_2	0.235100171	0.562660346	-0.286757575	-1.271433758	0.785156963	0.094440233	0.120281979	Tcf4_3	3
Tcf4	cluster_4	0.247175505	0.562660346	0.298743745	1.236643834	1.251523258	0.085744385	0.068512019	Tcf4_3	3
Tcf4	cluster_12	0.286081191	0.562660346	-0.309181125	-1.1332346	0.789132091	0.024625702	0.031206059	Tcf4_3	3
Tcf4	cluster_3	0.295956139	0.562660346	-0.288232056	-1.108789394	0.778589633	0.05898538	0.075759268	Tcf4_3	3
Tcf4	cluster_9	0.300085518	0.562660346	0.303820283	1.098756855	1.21514301	0.048137204	0.039614435	Tcf4_3	3
Tbr1	cluster_21	0.413099564	0.563317587	-0.305879444	-0.871649164	0.709308468	0.023464096	0.033080243	Tbr1_1	1
Foxg1	cluster_1	0.492446726	0.568207761	0.16898867	0.704373996	1.134541743	0.128388277	0.113163114	Foxg1_1	1
Tcf4	cluster_1	0.352608119	0.587680199	0.206331855	0.979584371	1.211363812	0.137081702	0.113163114	Tcf4_3	3
NonTarget1	cluster_11	0.317120495	0.594600928	-0.320276932	-1.089691594	0.803028377	0.042868456	0.053383488	NonTarget1	
NonTarget1	cluster_6	0.370205946	0.617009909	-0.138128212	-0.963831728	0.851147415	0.066817252	0.078502561	NonTarget1	
Tbr1	cluster_4	0.255122286	0.637805714	0.365495761	1.14898427	1.360924581	0.093239691	0.068512019	Tbr1_3	3
Tcf4	cluster_5	0.477933747	0.671244794	0.15752244	0.740030304	1.128423141	0.120438657	0.106731821	Tcf4_3	3
Tcf4	cluster_6	0.492246183	0.671244794	0.145908113	0.715497278	1.121863618	0.088069167	0.078502561	Tcf4_3	3
Foxg1	cluster_10	0.635241135	0.680615502	0.13810311	0.484621527	1.199429048	0.053584249	0.044674797	Foxg1_1	1
Tcf4	cluster_2	0.548024005	0.685030006	-0.140754641	-0.631241744	0.99847819	0.120098933	0.120281979	Tcf4_1	1
Nr2f1	cluster_21	0.165536738	0.708224006	-0.453929077	-1.476483294	0.7207834	0.02384369	0.033080243	Nr2f1_3	3
Nr2f1	cluster_17	0.179981568	0.708224006	0.388227829	1.419724178	1.216120645	0.026785977	0.022025757	Nr2f1_3	3
Nr2f1	cluster_2	0.223756923	0.708224006	-0.264715757	-1.277467765	0.80322685	0.096613715	0.120281979	Nr2f1_3	3
Nr2f1	cluster_4	0.253888385	0.708224006	0.284300101	1.193735489	1.248530312	0.085539332	0.068512019	Nr2f1_3	3
Nr2f1	cluster_12	0.278966607	0.708224006	-0.247841077	-1.129771206	0.754385436	0.023541396	0.031206059	Nr2f1_3	3
Nr2f1	cluster_0	0.331034233	0.708224006	-0.222775077	-1.009722456	0.798561915	0.127759651	0.159987158	Nr2f1_3	3
Nr2f1	cluster_6	0.349294172	0.708224006	0.223647834	0.970908621	1.226941975	0.096318087	0.078502561	Nr2f1_3	3
Nr2f1	cluster_7	0.37771947	0.708224006	-0.306625563	-0.915931512	0.606359455	0.006790831	0.011199349	Nr2f1_3	3
Foxg1	cluster_8	0.713912231	0.713912231	0.09342097	0.373927382	1.087505096	0.045542486	0.041877952	Foxg1_1	1
Tcf4	cluster_10	0.582570323	0.728212904	-0.311149512	-0.575292533	1.01943754	0.045543165	0.044674797	Tcf4_3	3
SafeTarget	cluster_9	0.268697844	0.730155668	0.26231143	1.156926209	1.134447641	0.044940503	0.039614435	SafeTarget	
SafeTarget	cluster_21	0.318029483	0.730155668	-0.233279681	-1.039539801	0.729158777	0.024120749	0.033080243	SafeTarget	
SafeTarget	cluster_0	0.364617856	0.730155668	0.170825107	0.94043735	1.093809991	0.174995552	0.159987158	SafeTarget	
SafeTarget	cluster_5	0.402383581	0.730155668	-0.15974977	-0.866462647	0.862334842	0.092038568	0.106731821	SafeTarget	
SafeTarget	cluster_8	0.438093401	0.730155668	-0.173817291	-0.800704644	0.842466631	0.035280777	0.041877952	SafeTarget	
Tbr1	cluster_8	0.589400023	0.736750029	-0.131901393	-0.566096124	0.869471385	0.036411681	0.041877952	Tbr1_1	1
Tcf4	cluster_7	0.255990785	0.744988429	-0.421050028	-1.215857082	0.446602954	0.005001662	0.011199349	Tcf4_2	2
Tcf4	cluster_5	0.269858064	0.744988429	-0.23169454	-1.16888995	0.81115416	0.086575961	0.106731821	Tcf4_2	2
Tcf4	cluster_9	0.324170869	0.744988429	0.255888288	1.037590576	1.340175485	0.053090295	0.039614435	Tcf4_2	2
Tcf4	cluster_6	0.347661267	0.744988429	-0.184562488	-0.985970309	0.815530481	0.064021231	0.078502561	Tcf4_2	2
GFP	cluster_10	0.275274295	0.745719645	-0.317477115	-1.183754787	0.808475998	0.036118501	0.044674797	GFP	
GFP	cluster_3	0.341176738	0.745719645	-0.228860219	-1.021394844	0.903587511	0.068455128	0.075759268	GFP	
GFP	cluster_4	0.348002501	0.745719645	0.234297704	1.006058168	1.270068978	0.08701499	0.068512019	GFP	
Tcf4	cluster_0	0.657394331	0.758531921	0.118605607	0.45842722	1.012681081	0.162015968	0.159987158	Tcf4_3	3
Tbr1	cluster_1	0.368468279	0.759100291	-0.288257159	-0.906174507	0.758159554	0.085795696	0.113163114	Tbr1_3	3
Tbr1	cluster_0	0.404853489	0.759100291	0.266857973	0.838903336	1.182626449	0.189205045	0.159987158	Tbr1_3	3
Nr2f1	cluster_6	0.396053477	0.771146468	-0.220801528	-0.891768747	0.817731458	0.064194014	0.078502561	Nr2f1_2	2
Nr2f1	cluster_9	0.475580341	0.771146468	0.270745673	0.74767709	1.193822313	0.047292597	0.039614435	Nr2f1_2	2
Nr2f1	cluster_10	0.508176572	0.771146468	-0.261165065	-0.691845665	0.877554832	0.039204584	0.044674797	Nr2f1_2	2
Nr2f1	cluster_7	0.530750331	0.771146468	0.362353611	0.654488237	1.138363886	0.012748935	0.011199349	Nr2f1_2	2
Nr2f1	cluster_5	0.56550741	0.771146468	-0.176258688	-0.596872539	0.878401386	0.09375338	0.106731821	Nr2f1_2	2
GFP	cluster_1	0.433048149	0.772907925	0.14133519	0.831840608	1.119959839	0.126738143	0.113163114	GFP	
GFP	cluster_8	0.49049463	0.772907925	-0.163677191	-0.727700263	0.839899049	0.035173252	0.041877952	GFP	
GFP	cluster_7	0.555130217	0.772907925	-0.422251904	-0.626272033	0.490980272	0.00549866	0.011199349	GFP	
GFP	cluster_6	0.566799145	0.772907925	0.073726916	0.601076931	1.070322743	0.084023076	0.078502561	GFP	
Nr2f1	cluster_9	0.578957577	0.794027195	0.17341744	0.570338605	1.216097495	0.048175016	0.039614435	Nr2f1_3	3
Nr2f1	cluster_10	0.59226705	0.794027195	0.14413613	0.54927257	1.223442097	0.054657028	0.044674797	Nr2f1_3	3
Nr2f1	cluster_3	0.618882674	0.794027195	0.119566217	0.509571333	1.103929867	0.083632918	0.075759268	Nr2f1_3	3
Nr2f1	cluster_5	0.635221756	0.794027195	-0.122589526	-0.485748242	0.988674488	0.105523029	0.106731821	Nr2f1_3	3
Nr2f1	cluster_1	0.732645423	0.804736015	0.078059953	0.349035299	1.095016265	0.123915451	0.113163114	Nr2f1_3	3
Nr2f1	cluster_8	0.751086947	0.804736015	-0.072702163	-0.323999148	0.906260408	0.037952329	0.041877952	Nr2f1_3	3
SafeTarget	cluster_1	0.596980432	0.813743619	0.096229086	0.542393219	1.076654539	0.121837581	0.113163114	SafeTarget	
SafeTarget	cluster_2	0.647469215	0.813743619	-0.088683476	-0.468404777	0.916453483	0.110232839	0.120281979	SafeTarget	
SafeTarget	cluster_10	0.650994895	0.813743619	0.099035268	0.463342927	1.089810503	0.048687063	0.044674797	SafeTarget	
Nr2f1	cluster_11	0.815313872	0.815313872	0.055850714	0.238360166	1.104303053	0.058951549	0.053383488	Nr2f1_3	3
Tcf4	cluster_6	0.714319772	0.824215121	-0.06222315	-0.381331298	0.909464452	0.071395289	0.078502561	Tcf4_1	1
Tbr1	cluster_1	0.718548407	0.829094316	-0.063204026	-0.37565149	0.956172719	0.108203483	0.113163114	Tbr1_1	1
Foxg1	cluster_12	0.475238459	0.835610506	-0.175229917	-0.718498933	0.858313803	0.026784591	0.031206059	Foxg1_3	3
Foxg1	cluster_17	0.493626556	0.835610506	0.185296303	0.68983177	0.85586963	0.018851176	0.022025757	Foxg1_3	3
Foxg1	cluster_8	0.544242899	0.835610506	-0.149814938	-0.609882032	0.830850364	0.034794311	0.041877952	Foxg1_3	3
Foxg1	cluster_9	0.593427939	0.835610506	0.131456728	0.536745874	1.159708716	0.045941206	0.039614435	Foxg1_3	3
Foxg1	cluster_1	0.618063891	0.835610506	0.12190757	0.501200586	1.10436213	0.124973058	0.113163114	Foxg1_3	3
Foxg1	cluster_11	0.650368978	0.835610506	0.110747708	0.455534635	1.119102722	0.059741607	0.053383488	Foxg1_3	3
Foxg1	cluster_3	0.671279617	0.835610506	0.105370066	0.426486615	1.168290884	0.088508862	0.075759268	Foxg1_3	3
Foxg1	cluster_6	0.724195772	0.835610506	0.087270134	0.354515251	1.11242858	0.087328492	0.078502561	Foxg1_3	3
Foxg1	cluster_1	0.525181017	0.837165122	0.168480606	0.659456276	1.197489258	0.135511614	0.113163114	Foxg1_2	2
Foxg1	cluster_17	0.606643761	0.837165122	-0.235522411	-0.534435306	0.792639209	0.017458478	0.022025757	Foxg1_2	2
Foxg1	cluster_11	0.613921089	0.837165122	-0.131277972	-0.521458643	0.89757966	0.047915933	0.053383488	Foxg1_2	2
Tcf4	cluster_10	0.502261014	0.844796078	-0.277674742	-0.699912933	1.085390058	0.048489581	0.044674797	Tcf4_2	2
Tcf4	cluster_21	0.506877647	0.844796078	-0.154496165	-0.688654783	0.743896021	0.024608261	0.033080243	Tcf4_2	2
GFP	cluster_2	0.67764253	0.847053162	0.071574639	0.433642285	1.011076796	0.121614318	0.120281979	GFP	
Nr2f1	cluster_8	0.687211508	0.859014385	0.122729805	0.416111444	1.155486981	0.048389428	0.041877952	Nr2f1_2	2
Tcf4	cluster_8	0.575163391	0.862745086	-0.113535678	-0.579583523	0.89125681	0.037324009	0.041877952	Tcf4_2	2
NonTarget1	cluster_10	0.590809372	0.864181315	-0.236330283	-0.567308459	1.000367087	0.044691197	0.044674797	NonTarget1	
NonTarget1	cluster_8	0.633732964	0.864181315	-0.063300208	-0.500163009	0.910712334	0.038138767	0.041877952	NonTarget1	
SafeTarget	cluster_7	0.7521367	0.867850038	0.165268143	0.331029934	0.802189523	0.008984001	0.011199349	SafeTarget	
GFP	cluster_5	0.753796475	0.869765163	-0.072790713	-0.326261332	0.983313754	0.104950868	0.106731821	GFP	
Nr2f1	cluster_3	0.789866971	0.872282432	0.079537064	0.274656841	1.096462665	0.083067209	0.075759268	Nr2f1_2	2
Nr2f1	cluster_17	0.81413027	0.872282432	-0.059040746	-0.24219937	0.831131718	0.018306305	0.022025757	Nr2f1_2	2
Tbr1	cluster_2	0.524524171	0.874206951	-0.203627976	-0.640131478	0.842090218	0.101288278	0.120281979	Tbr1_3	3
Tcf4	cluster_7	0.83787106	0.875510922	0.078935048	0.212833317	0.752358193	0.008425922	0.011199349	Tcf4_1	1
Tcf4	cluster_10	0.875510922	0.875510922	-0.066975403	-0.162839152	1.178461988	0.05264755	0.044674797	Tcf4_1	1
SafeTarget	cluster_3	0.843023421	0.883089492	-0.046171659	-0.202140848	0.966048633	0.073187137	0.075759268	SafeTarget	
SafeTarget	cluster_6	0.883089492	0.883089492	-0.027401509	-0.150054337	0.94479048	0.074168472	0.078502561	SafeTarget	
Tbr1	cluster_17	0.828652367	0.887841822	0.101945532	0.225104829	0.747359668	0.016461162	0.022025757	Tbr1_1	1
Tbr1	cluster_9	0.118760672	0.890705043	0.567383209	1.667893931	1.519152665	0.060180375	0.039614435	Tbr1_2	2
Tcf4	cluster_7	0.840325137	0.895838308	-0.098293534	-0.208863937	0.66103943	0.007403211	0.011199349	Tcf4_3	3
Tcf4	cluster_8	0.895838308	0.895838308	0.028779116	0.134624934	1.025819826	0.042959233	0.041877952	Tcf4_3	3
Foxg1	cluster_9	0.774064978	0.897182118	-0.150054075	-0.296300738	1.084322629	0.042954829	0.039614435	Foxg1_2	2
Foxg1	cluster_0	0.816030168	0.897182118	0.060777316	0.239165438	0.992676902	0.158815557	0.159987158	Foxg1_2	2
Foxg1	cluster_3	0.837369977	0.897182118	0.057922342	0.21093433	1.077051434	0.081596628	0.075759268	Foxg1_2	2
Nr2f1	cluster_9	0.433331373	0.905674351	0.256701327	0.825428813	1.413119786	0.055979943	0.039614435	Nr2f1_1	1
Nr2f1	cluster_8	0.483026321	0.905674351	-0.203849612	-0.73594888	0.830864435	0.034794901	0.041877952	Nr2f1_1	1
GFP	cluster_11	0.84574121	0.906151296	-0.027514022	-0.201920362	0.975782863	0.052090693	0.053383488	GFP	
Tcf4	cluster_4	0.756620717	0.910494742	0.056057775	0.318650907	1.043206056	0.071472153	0.068512019	Tcf4_2	2
Tcf4	cluster_2	0.775962908	0.910494742	-0.062344034	-0.292483431	0.938116816	0.112838547	0.120281979	Tcf4_2	2
Tcf4	cluster_12	0.826393806	0.910494742	0.046385891	0.225221566	1.117282689	0.034865989	0.031206059	Tcf4_2	2
Tcf4	cluster_3	0.898146067	0.910494742	-0.037591808	-0.131519722	1.038594492	0.078683158	0.075759268	Tcf4_2	2
Tcf4	cluster_1	0.910494742	0.910494742	-0.022748969	-0.115326777	0.942275089	0.106630784	0.113163114	Tcf4_2	2
Nr2f1	cluster_1	0.911626677	0.911626677	-0.029753527	-0.114193018	1.00238087	0.113432541	0.113163114	Nr2f1_2	2
GFP	cluster_0	0.912623365	0.912623365	0.015482336	0.113772473	0.983876713	0.157407639	0.159987158	GFP	
NonTarget1	cluster_5	0.794035776	0.939428812	0.052794235	0.27240655	1.056068547	0.112716119	0.106731821	NonTarget1	
NonTarget1	cluster_0	0.821544574	0.939428812	0.031045062	0.235029272	0.993811624	0.158997098	0.159987158	NonTarget1	
NonTarget1	cluster_3	0.932727633	0.939428812	0.022486449	0.087966573	1.063721176	0.080586737	0.075759268	NonTarget1	
NonTarget1	cluster_12	0.939428812	0.939428812	-0.009375136	-0.079029208	1.023518214	0.03193997	0.031206059	NonTarget1	
Tbr1	cluster_5	0.223655691	0.944454374	-0.402009505	-1.276562423	0.749136566	0.07995671	0.106731821	Tbr1_2	2
Tbr1	cluster_4	0.360892373	0.944454374	0.297951769	0.946351363	1.281869577	0.087823473	0.068512019	Tbr1_2	2
Tbr1	cluster_8	0.374605868	0.944454374	-0.371115253	-0.919728231	0.822725639	0.034454064	0.041877952	Tbr1_2	2
Tbr1	cluster_10	0.475486048	0.944454374	-0.257342393	-0.734405031	0.857137597	0.038292448	0.044674797	Tbr1_2	2
Tbr1	cluster_17	0.492431171	0.944454374	0.278142885	0.706532773	0.747627052	0.016467051	0.022025757	Tbr1_2	2
Tbr1	cluster_0	0.591990175	0.944454374	0.168965742	0.549207	1.148300437	0.183713324	0.159987158	Tbr1_2	2
Tbr1	cluster_2	0.629550085	0.944454374	-0.140678164	-0.493761735	0.884065778	0.106337181	0.120281979	Tbr1_2	2
Tbr1	cluster_21	0.752003704	0.944454374	-0.1145321	-0.32263161	1.39151778	0.046031746	0.033080243	Tbr1_2	2
Tbr1	cluster_6	0.804461591	0.944454374	-0.082471636	-0.252584439	1.028664094	0.080752766	0.078502561	Tbr1_2	2
Tbr1	cluster_11	0.848633998	0.944454374	-0.06554816	-0.194627656	1.024514545	0.05469216	0.053383488	Tbr1_2	2
Tbr1	cluster_7	0.878072424	0.944454374	-0.067423374	-0.156488352	0.248030283	0.002777778	0.011199349	Tbr1_2	2
Tbr1	cluster_1	0.930634051	0.944454374	0.025839729	0.088714918	1.080011034	0.122217412	0.113163114	Tbr1_2	2
Tbr1	cluster_3	0.944454374	0.944454374	-0.023654756	-0.071003582	1.055373254	0.079954305	0.075759268	Tbr1_2	2
Foxg1	cluster_10	0.948964367	0.948964367	-0.028145166	-0.065908876	1.228552469	0.054885332	0.044674797	Foxg1_2	2
Nr2f1	cluster_3	0.57020966	0.950349434	0.152056719	0.592284589	1.189743887	0.090134126	0.075759268	Nr2f1_1	1
Tbr1	cluster_7	0.960073981	0.960073981	0.032671668	0.051975005	0.908752494	0.010177437	0.011199349	Tbr1_1	1
Nr2f1	cluster_2	0.797388531	0.961430673	-0.050870129	-0.26500272	0.909539258	0.109401182	0.120281979	Nr2f1_1	1
Nr2f1	cluster_0	0.868310925	0.961430673	0.036575089	0.170942928	0.97487122	0.155966876	0.159987158	Nr2f1_1	1
Nr2f1	cluster_5	0.869450452	0.961430673	-0.055100076	-0.169776529	1.066074241	0.113784045	0.106731821	Nr2f1_1	1
Nr2f1	cluster_7	0.879620881	0.961430673	0.053189771	0.156422919	0.77521459	0.008681899	0.011199349	Nr2f1_1	1
Nr2f1	cluster_6	0.897335295	0.961430673	-0.026813918	-0.132982031	0.973940171	0.076456798	0.078502561	Nr2f1_1	1
Nr2f1	cluster_1	0.962394806	0.962394806	0.009459429	0.048571462	0.985918801	0.111569642	0.113163114	Nr2f1_1	1
Foxg1	cluster_0	0.912703387	0.967263587	0.02685828	0.110092553	0.957680135	0.153216523	0.159987158	Foxg1_3	3
Foxg1	cluster_10	0.967263587	0.967263587	0.010113493	0.04121217	1.107994059	0.04949941	0.044674797	Foxg1_3	3
Tbr1	cluster_6	0.82363997	0.98989185	0.071205188	0.223842927	1.219614014	0.095742823	0.078502561	Tbr1_3	3
Tbr1	cluster_5	0.873745435	0.98989185	-0.050763945	-0.159583177	0.979078283	0.104498808	0.106731821	Tbr1_3	3
Tbr1	cluster_3	0.906570181	0.98989185	-0.037492502	-0.117862638	1.012020949	0.076669966	0.075759268	Tbr1_3	3
Tbr1	cluster_8	0.909487899	0.98989185	0.03631638	0.114165344	1.031206439	0.043184813	0.041877952	Tbr1_3	3
Tbr1	cluster_11	0.96507222	0.98989185	-0.013987849	-0.043972653	0.999343892	0.053348462	0.053383488	Tbr1_3	3
Tbr1	cluster_7	0.98989185	0.98989185	0.006307436	0.013018334	0.505805395	0.005664691	0.011199349	Tbr1_3	3
