Mutant_Experiment_Sample_gene	Forebrain	Optic Tectum	Thalamus	Hypothalamus	Cerebellum	Hindbrain	Habenula	Posterior Tuberculum	Mutant_Experiment_Sample	Mutant_Experiment_Sample_gene_idx
CHD8	0.54171759	0.78614438	1.85571516	0.34522921	0.81605065	1.21395635604858	0.41201189	1.62852979	CHD8_exp1_het_1	exp1_het_1
CHD8	0.39697951	0.50864673	1.46313667	0.3170062	0.67422301	1.3856551647186199	0.23244739	1.87430429	CHD8_exp1_het_2	exp1_het_2
CHD8	0.57801789	0.71104163	1.52230811	0.3148123	0.75154167	1.0364580154418901	0.40411094	1.62245071	CHD8_exp1_het_3	exp1_het_3
CHD8	0.44045198	0.50361943	0.87067062	0.18469554	0.62988448	0.76975083351135198	0.25064537	0.8263151	CHD8_exp1_het_4	exp1_het_4
CHD8	0.67404473	0.7172488	2.42408037	0.64431489	1.10228264	1.5415956974029501	0.4845714	2.15736604	CHD8_exp1_het_5	exp1_het_5
CHD8	0.63968647	0.71933895	1.65274203	0.28590015	0.76493496	0.95241600275039595	0.35826862	1.37694013	CHD8_exp1_het_6	exp1_het_6
CHD8	0.41358885	0.49533689	1.36096323	0.36561245	0.70236516	1.65054702758789	0.30366823	1.77114964	CHD8_exp1_het_7	exp1_het_7
CHD8	0.48520061	0.67805195	1.559986	0.18375024	0.72299182	0.84710955619812001	0.3235479	1.14267564	CHD8_exp1_het_8	exp1_het_8
CHD8	0.5211671	0.67839831	1.50608873	0.2815598	0.86413461	1.40631079673767	0.46286163	1.76922929	CHD8_exp1_het_9	exp1_het_9
CHD8	0.45029032	0.49396867	1.48225045	0.31134909	0.5993318	1.1848829984664899	0.29179665	1.74510777	CHD8_exp1_het_10	exp1_het_10
CHD8	0.57930672	0.54427075	1.40417302	0.27852622	0.59548068	0.97446209192276001	0.35119057	1.4058727	CHD8_exp1_hom_1	exp1_hom_1
CHD8	0.5371049	0.5207482	1.30956531	0.29504707	0.58645535	1.09635829925537	0.39598811	1.57972944	CHD8_exp1_hom_2	exp1_hom_2
CHD8	0.51306146	0.63277394	1.64175308	0.32232058	0.71945614	1.4155744314193699	0.3927182	1.58044672	CHD8_exp1_hom_3	exp1_hom_3
CHD8	0.60904175	0.53245413	1.16734636	0.30395344	0.55426913	0.96937608718872004	0.30992913	1.33882523	CHD8_exp1_hom_4	exp1_hom_4
CHD8	0.48819739	0.5458706	1.37791514	0.25127152	0.64712739	0.88382154703140203	0.32593143	1.14386046	CHD8_exp1_hom_5	exp1_hom_5
CHD8	0.60024488	0.48385653	1.29953945	0.3414214	0.43875811	1.1659848690032899	0.34484023	1.69245124	CHD8_exp1_hom_6	exp1_hom_6
CHD8	0.42888185	0.61953878	1.03905165	0.26013094	0.67418891	1.49714183807373	0.26909381	1.10622191	CHD8_exp1_hom_7	exp1_hom_7
CHD8	0.45323819	0.63645518	1.12854326	0.1766222	0.64845538	0.89019995927810602	0.36365634	0.84850186	CHD8_exp1_hom_8	exp1_hom_8
CHD8	0.44292256	0.45379037	1.23634446	0.26292723	0.51476282	1.25772857666015	0.32417586	1.03371787	CHD8_exp1_hom_9	exp1_hom_9
CHD8	0.42825413	0.50647914	1.58609331	0.48986265	0.76408488	1.5554610490798899	0.30904827	1.80400848	CHD8_exp1_wt_1	exp1_wt_1
CHD8	0.42698956	0.51755768	1.24299252	0.25666672	0.54923147	1.07120096683502	0.26671541	1.56535351	CHD8_exp1_wt_2	exp1_wt_2
CHD8	0.51485991	0.53612387	1.80095875	0.71511573	0.67477196	1.4963201284408501	0.34787211	1.8556881	CHD8_exp1_wt_3	exp1_wt_3
CHD8	0.65436047	0.67529142	1.65696859	0.36159605	0.73016053	1.3075915575027399	0.40717247	1.87909305	CHD8_exp1_wt_4	exp1_wt_4
CHD8	0.53568196	0.97625691	1.77485633	0.20253484	0.94537121	0.91760390996932895	0.40976682	1.47501361	CHD8_exp1_wt_5	exp1_wt_5
CHD8	0.73429662	0.81583083	1.87531209	0.2734392	0.86679566	0.81167840957641602	0.4862206	1.29705036	CHD8_exp1_wt_6	exp1_wt_6
CHD8	0.51425046	0.6667046	2.14144492	0.35997245	0.58192176	1.0528440475463801	0.39842653	1.71930408	CHD8_exp1_wt_7	exp1_wt_7
CHD8	0.46401036	0.59388673	1.40175128	0.19465505	0.67608047	0.76997315883636397	0.33493671	1.17555404	CHD8_exp1_wt_8	exp1_wt_8
CHD8	0.41306347	0.5407536	1.62727177	0.33108628	0.67240548	1.33213055133819	0.30402675	1.42835915	CHD8_exp1_wt_9	exp1_wt_9
CHD8	0.48996758	0.46349996	1.23649645	0.22381899	0.68615282	1.40128982067108	0.3326616	1.39516664	CHD8_exp1_wt_10	exp1_wt_10
CHD8	0.38219059	0.48537019	1.53997111	0.611619	0.59185857	1.68290650844573	0.33492309	1.91099536	CHD8_exp1_wt_11	exp1_wt_11
CHD8	0.47879291	0.72059441	1.74119675	0.26320663	0.79808325	1.16848945617675	0.44354248	1.63607109	CHD8_exp1_wt_12	exp1_wt_12
CHD8	0.60432148	0.43498808	1.10079265	0.30966428	0.80334079	1.02823078632354	0.62552154	1.28929198	CHD8_exp2_het_1	exp2_het_1
CHD8	0.60049498	0.5604099	0.77571785	0.18973283	0.67624599	0.69766759872436501	0.53106958	0.86470348	CHD8_exp2_het_2	exp2_het_2
CHD8	0.44514462	0.52181375	0.65312457	0.20709085	0.63273501	0.72317862510681097	0.3869321	0.74780637	CHD8_exp2_het_3	exp2_het_3
CHD8	0.64538205	0.55131513	0.8877126	0.19798858	0.68332005	0.65303528308868397	0.46114281	0.82233995	CHD8_exp2_het_4	exp2_het_4
CHD8	0.49298397	0.67633003	0.96474701	0.21354266	0.98039955	0.93992036581039395	0.4828378	0.87621933	CHD8_exp2_het_5	exp2_het_5
CHD8	0.55662417	0.71176928	0.95207101	0.23641436	0.85485083	0.96323913335800104	0.57888663	0.97077936	CHD8_exp2_het_6	exp2_het_6
CHD8	0.6036194	0.67852306	0.86087602	0.15902874	0.8249948	0.71474730968475297	0.52754289	0.77294081	CHD8_exp2_het_7	exp2_het_7
CHD8	0.53513503	0.47744602	0.51433021	0.13173649	0.46912691	0.35708665847778298	0.46619314	0.6704911	CHD8_exp2_het_8	exp2_het_8
CHD8	0.5601905	0.7000047	1.01961946	0.20149456	0.93277025	1.0842038393020601	0.57072389	1.02809036	CHD8_exp2_het_9	exp2_het_9
CHD8	0.75876254	0.76679903	1.05272567	0.25950444	0.95089775	0.83487313985824496	0.67604631	0.90963638	CHD8_exp2_het_10	exp2_het_10
CHD8	0.48826152	0.57367188	0.79737091	0.22875293	0.72177666	0.81834250688552801	0.42811659	0.96368712	CHD8_exp2_het_11	exp2_het_11
CHD8	0.60283887	0.62690181	1.09169316	0.28393984	0.62471753	0.69618719816207797	0.53107381	1.2619698	CHD8_exp2_het_12	exp2_het_12
CHD8	0.63658881	0.59303409	0.87237036	0.19341341	0.74106437	0.73503398895263605	0.52033424	0.88524652	CHD8_exp2_het_13	exp2_het_13
CHD8	0.63929921	0.60318202	0.82133484	0.19931614	0.8187049	0.77085673809051503	0.55919534	0.77947843	CHD8_exp2_het_14	exp2_het_14
CHD8	0.57168669	0.57507974	0.80543554	0.19076772	0.78387475	0.78026288747787398	0.56835645	0.90920883	CHD8_exp2_het_15	exp2_het_15
CHD8	0.56628978	0.55539358	0.81051284	0.16907942	0.79732603	0.62711292505264205	0.46470085	0.82390016	CHD8_exp2_het_16	exp2_het_16
CHD8	0.57539988	0.57166421	0.80224138	0.14685348	0.69187713	0.49860709905624301	0.5183627	0.64472789	CHD8_exp2_hom_1	exp2_hom_1
CHD8	0.52771211	0.48175165	0.66265881	0.10144916	0.6441319	0.66753399372100797	0.4428314	0.58600825	CHD8_exp2_hom_2	exp2_hom_2
CHD8	0.38764927	0.59833246	0.80106544	0.13178007	0.67501742	0.84244173765182495	0.42671806	0.76532453	CHD8_exp2_hom_3	exp2_hom_3
CHD8	0.4356429	0.56727475	0.63770896	0.06114819	0.63960952	0.48115903139114302	0.43472862	0.3184692	CHD8_exp2_hom_4	exp2_hom_4
CHD8	0.51477635	0.56451559	0.72383529	0.12149287	0.6820451	0.54288393259048395	0.50372022	0.50274414	CHD8_exp2_hom_5	exp2_hom_5
CHD8	0.58067095	0.65947974	0.82427144	0.18404983	0.71063364	0.61378544569015503	0.51981062	0.75763625	CHD8_exp2_hom_6	exp2_hom_6
CHD8	0.59063727	0.49724048	0.77338231	0.18328267	0.82026201	0.92286127805709794	0.54466653	0.73628157	CHD8_exp2_hom_7	exp2_hom_7
CHD8	0.70796835	0.59827256	1.06840026	0.2716279	0.52871817	0.57857465744018499	0.71937215	1.071486	CHD8_exp2_hom_8	exp2_hom_8
CHD8	0.51685447	0.50053394	0.73210001	0.15805976	0.63893622	0.60983371734619096	0.42007682	0.85087055	CHD8_exp2_hom_9	exp2_hom_9
CHD8	0.61420369	0.58055156	0.89772391	0.23837818	0.68667561	0.81557208299636796	0.53169727	0.96887082	CHD8_exp2_hom_10	exp2_hom_10
CHD8	0.58855164	0.72546864	0.99538028	0.1927494	0.82006007	0.78197979927062899	0.67542553	0.75073165	CHD8_exp2_hom_11	exp2_hom_11
CHD8	0.53300065	0.64739841	0.67476785	0.13862626	0.64894193	0.54406023025512695	0.48260683	0.49940959	CHD8_exp2_hom_12	exp2_hom_12
CHD8	0.6065855	0.74140644	0.64606857	0.18152253	0.81540787	0.63437819480895996	0.57836872	0.71094221	CHD8_exp2_hom_13	exp2_hom_13
CHD8	0.57507128	0.55636144	0.75576526	0.19025624	0.67542738	0.78948503732681197	0.43944544	0.78727162	CHD8_exp2_hom_14	exp2_hom_14
CHD8	0.73007768	0.56133521	0.98341918	0.31501958	0.66756761	0.74657613039016701	0.62261766	1.05028129	CHD8_exp2_hom_15	exp2_hom_15
CHD8	0.54164052	0.58323199	0.95535201	0.27300632	0.87937313	0.893610119819641	0.62514478	0.97821105	CHD8_exp2_wt_1	exp2_wt_1
CHD8	0.49572805	0.6465975	0.93265796	0.24618633	0.85056174	1.0630640983581501	0.48971856	1.04930973	CHD8_exp2_wt_2	exp2_wt_2
CHD8	0.46186066	0.54480988	0.77057129	0.18634863	0.65084422	0.71849077939987105	0.45988387	0.87135786	CHD8_exp2_wt_3	exp2_wt_3
CHD8	0.46041736	0.45083392	0.46298218	0.08259457	0.49631014	0.27340745925903298	0.38645953	0.31277683	CHD8_exp2_wt_4	exp2_wt_4
CHD8	0.57592654	0.61944902	0.90435791	0.22562586	0.72256988	0.67683649063110296	0.61706352	1.04375243	CHD8_exp2_wt_5	exp2_wt_5
CHD8	0.56281918	0.70945132	0.93473238	0.19635171	1.05226195	0.73265790939330999	0.81311387	0.63334346	CHD8_exp2_wt_6	exp2_wt_6
CHD8	0.54807013	0.47436896	0.72545105	0.1813018	0.51293862	0.54233103990554798	0.47269484	0.75747252	CHD8_exp2_wt_7	exp2_wt_7
CHD8	0.60242546	0.62665808	0.91459084	0.29104912	0.70898056	0.89520961046218805	0.5042612	1.09332037	CHD8_exp2_wt_8	exp2_wt_8
CHD8	0.62881541	0.67817068	1.06484008	0.27208301	0.6730603	0.73374783992767301	0.61039692	1.107301	CHD8_exp2_wt_9	exp2_wt_9
CHD8	0.52952927	0.60709608	1.00435734	0.21206859	0.79298741	0.693301081657409	0.47709098	0.98262781	CHD8_exp2_wt_10	exp2_wt_10
CHD8	0.65504986	0.53123927	0.91627824	0.2424349	0.59656191	0.68309831619262695	0.51198477	1.0399729	CHD8_exp2_wt_11	exp2_wt_11
CHD8	0.6065163	0.57645398	0.9535138	0.20717508	0.68252748	0.68443906307220403	0.55451024	0.94857121	CHD8_exp2_wt_12	exp2_wt_12
CHD8	0.52268916	0.62781918	0.99598324	0.19710653	0.70330101	0.64093351364135698	0.5252139	0.94371039	CHD8_exp2_wt_13	exp2_wt_13
CHD8	0.6389178	0.50259942	0.98824477	0.2511273	0.60486245	0.65940940380096402	0.52387071	1.11762488	CHD8_exp2_wt_14	exp2_wt_14
CHD8	0.30555868	0.26104984	0.32764056	0.07573365	0.25451505	0.22240607440471599	0.29695651	0.33335334	CHD8_exp3_het_1	exp3_het_1
CHD8	0.41119781	0.32525107	0.35811698	0.04557221	0.41000789	0.22915004193782801	0.29712987	0.27570957	CHD8_exp3_het_2	exp3_het_2
CHD8	0.28576273	0.16832015	0.18570335	0.03970789	0.14263225	0.10807021707296301	0.19539654	0.13645673	CHD8_exp3_het_3	exp3_het_3
CHD8	0.40262312	0.26639235	0.37949473	0.08989264	0.34186399	0.31289353966712902	0.2789264	0.40070537	CHD8_exp3_het_4	exp3_het_4
CHD8	0.43565589	0.29668006	0.43917984	0.1335139	0.32733265	0.29668396711349398	0.30743414	0.44059414	CHD8_exp3_het_5	exp3_het_5
CHD8	0.34698531	0.2224818	0.28905687	0.04053821	0.22996078	0.139504984021186	0.31459922	0.19703935	CHD8_exp3_het_6	exp3_het_6
CHD8	0.2792694	0.21761373	0.26387131	0.04399908	0.22329295	0.245912790298461	0.23711751	0.24921054	CHD8_exp3_het_7	exp3_het_7
CHD8	0.27336624	0.22356226	0.22173727	0.02973422	0.17277493	0.117699667811393	0.25128987	0.14072143	CHD8_exp3_het_8	exp3_het_8
CHD8	0.68816137	0.32414487	0.54153901	0.17355315	0.36504993	0.46884384751319802	0.33996999	0.57466978	CHD8_exp3_het_9	exp3_het_9
CHD8	0.44220483	0.38502881	0.38533852	0.14083266	0.40937847	0.54728227853775002	0.32323819	0.48062816	CHD8_exp3_het_10	exp3_het_10
CHD8	0.23652846	0.24179316	0.30570671	0.04142368	0.22945534	0.21776199340820299	0.20591667	0.24358806	CHD8_exp3_hom_1	exp3_hom_1
CHD8	0.59788138	0.3296355	0.46414313	0.14032847	0.36934477	0.33898943662643399	0.40681118	0.50138807	CHD8_exp3_hom_2	exp3_hom_2
CHD8	0.30456373	0.20163271	0.302356	0.05991848	0.22496204	0.16786219179630199	0.24845532	0.2876057	CHD8_exp3_hom_3	exp3_hom_3
CHD8	0.51187754	0.25560778	0.2575168	0.04752148	0.23535414	0.15994353592395699	0.28352502	0.18221901	CHD8_exp3_hom_4	exp3_hom_4
CHD8	0.57200098	0.30502403	0.31441647	0.08197425	0.31383982	0.24177306890487599	0.34955937	0.29819492	CHD8_exp3_hom_5	exp3_hom_5
CHD8	0.58140296	0.35140842	0.38007006	0.09084805	0.37763017	0.33775344491004899	0.39471155	0.38235462	CHD8_exp3_hom_6	exp3_hom_6
CHD8	0.49282515	0.26432019	0.49857587	0.13519332	0.32484293	0.38910976052284202	0.34561881	0.56084752	CHD8_exp3_hom_7	exp3_hom_7
CHD8	0.30759516	0.23148933	0.30359727	0.04774433	0.29827902	0.21674025058746299	0.31747001	0.1996496	CHD8_exp3_hom_8	exp3_hom_8
CHD8	0.62933379	0.34886682	0.51774186	0.16939652	0.45670328	0.39512482285499501	0.39960721	0.56862456	CHD8_exp3_hom_9	exp3_hom_9
CHD8	0.37962383	0.2154799	0.25228593	0.07632915	0.20583874	0.145162463188171	0.29811594	0.23462315	CHD8_exp3_hom_10	exp3_hom_10
CHD8	0.29602009	0.22991548	0.28165913	0.04561587	0.24905041	0.19448669254779799	0.26709285	0.23908223	CHD8_exp3_wt_1	exp3_wt_1
CHD8	0.40480497	0.30118138	0.53773791	0.1177743	0.31587264	0.3675537109375	0.29813096	0.60509783	CHD8_exp3_wt_2	exp3_wt_2
CHD8	0.56854784	0.40006608	0.52311414	0.13270171	0.45413774	0.45151159167289701	0.37947744	0.52006668	CHD8_exp3_wt_3	exp3_wt_3
CHD8	0.3869037	0.33153999	0.49055606	0.13681579	0.41893002	0.40079310536384499	0.26076686	0.5420934	CHD8_exp3_wt_4	exp3_wt_4
CHD8	0.28161928	0.25501338	0.28583023	0.05566779	0.26651111	0.30636700987815801	0.23598167	0.29838213	CHD8_exp3_wt_5	exp3_wt_5
CHD8	0.65835106	0.38333705	0.57892883	0.17723745	0.42841357	0.41237661242485002	0.454346	0.61788213	CHD8_exp3_wt_6	exp3_wt_6
CHD8	0.39460146	0.32336518	0.31580693	0.06032781	0.43320045	0.19853667914867401	0.34695113	0.26853335	CHD8_exp3_wt_7	exp3_wt_7
CHD8	0.53845638	0.40359864	0.45975119	0.08000641	0.46938777	0.293767690658569	0.38103741	0.39029521	CHD8_exp3_wt_8	exp3_wt_8
CHD8	0.49283355	0.30492163	0.38870579	0.08159362	0.36068308	0.46413543820381098	0.45985183	0.39765021	CHD8_exp3_wt_9	exp3_wt_9
CHD8	0.41670105	0.25979519	0.33235517	0.08855823	0.27058747	0.24779088795185	0.31436172	0.30263418	CHD8_exp3_wt_10	exp3_wt_10
CNTNAP2	0.71003377	0.80441499	0.78341883	0.22306608	1.11383605	0.72381937503814697	0.49214858	0.8325507	CNTNAP2_exp1_het_1	exp1_het_1
CNTNAP2	0.60415804	0.54099482	0.76144457	0.1580482	0.70820051	0.67837256193161	0.48563966	0.79182482	CNTNAP2_exp1_het_2	exp1_het_2
CNTNAP2	0.57528687	0.6475932	1.0083468	0.24968544	0.64515167	0.64638799428939797	0.52697772	1.05200589	CNTNAP2_exp1_het_3	exp1_het_3
CNTNAP2	0.63852519	0.6446203	0.99812794	0.40796039	0.96249443	0.99878925085067705	0.45318699	1.18873203	CNTNAP2_exp1_het_4	exp1_het_4
CNTNAP2	0.51998138	0.61961335	0.95910257	0.63513547	0.9967072	1.21688044071197	0.5877676	1.21538687	CNTNAP2_exp1_het_5	exp1_het_5
CNTNAP2	0.7456522	1.12838435	0.99480116	0.1071738	0.96999174	0.59410870075225797	0.57595611	0.73832196	CNTNAP2_exp1_hom_1	exp1_hom_1
CNTNAP2	0.67966485	0.61288494	1.18638182	0.73055214	1.40168977	1.2568281888961701	0.62607628	1.50228536	CNTNAP2_exp1_hom_2	exp1_hom_2
CNTNAP2	0.88765448	0.6821357	0.98573655	0.59807551	1.05006421	1.54716920852661	0.55191249	1.39298034	CNTNAP2_exp1_hom_3	exp1_hom_3
CNTNAP2	0.57408994	0.534109	0.57719237	0.29049638	0.86000478	0.94358187913894598	0.47362676	0.94936174	CNTNAP2_exp1_hom_4	exp1_hom_4
CNTNAP2	0.69643503	0.70715833	0.57948673	0.2962327	1.00705099	1.0521705150604199	0.37222391	0.86454296	CNTNAP2_exp1_hom_5	exp1_hom_5
CNTNAP2	0.69930744	0.53258884	0.76160204	0.20151344	0.71817535	0.69904029369354204	0.46286321	0.88340622	CNTNAP2_exp1_hom_6	exp1_hom_6
CNTNAP2	0.3875182	0.31234649	0.36057699	0.10416768	0.36957139	0.29132574796676602	0.27446896	0.33855453	CNTNAP2_exp1_wt_1	exp1_wt_1
CNTNAP2	0.60459626	0.44509786	0.50173718	0.14182052	0.67347533	0.56128704547882002	0.43204865	0.60723752	CNTNAP2_exp1_wt_2	exp1_wt_2
CNTNAP2	0.45201513	0.34394744	0.50576925	0.12358755	0.54842132	0.45518544316291798	0.36988369	0.60618716	CNTNAP2_exp1_wt_3	exp1_wt_3
CNTNAP2	0.50205773	0.58762044	0.70676607	0.08248283	0.7955364	0.15714707970619199	0.49058419	0.63635421	CNTNAP2_exp1_wt_4	exp1_wt_4
CNTNAP2	0.5250926	0.41516417	0.56595892	0.10737709	0.74496335	0.64186447858810403	0.41619214	0.6728825	CNTNAP2_exp1_wt_5	exp1_wt_5
CNTNAP2	0.59603381	0.61445469	0.83122629	0.21701461	0.80768281	0.66300922632217396	0.49654695	0.83489347	CNTNAP2_exp1_wt_6	exp1_wt_6
CNTNAP2	0.67808217	0.61044765	0.92648023	0.34096253	1.05700767	1.0310645103454501	0.46658495	1.28539646	CNTNAP2_exp1_wt_7	exp1_wt_7
CNTNAP2	0.77668399	0.66855347	0.95291382	0.38481852	0.85004455	1.07079541683197	0.58541882	1.20820034	CNTNAP2_exp2_het_1	exp2_het_1
CNTNAP2	0.67061967	0.73383147	1.00428104	0.29386792	0.72421521	0.851029872894287	0.63673973	1.03678691	CNTNAP2_exp2_het_2	exp2_het_2
CNTNAP2	0.71341789	0.63768542	0.93263817	0.25721604	0.71090043	0.810230672359466	0.46937177	0.92408562	CNTNAP2_exp2_het_3	exp2_het_3
CNTNAP2	0.60718763	0.6500752	1.01559567	0.32211205	0.59540379	0.86851674318313599	0.53983098	1.15328312	CNTNAP2_exp2_het_4	exp2_het_4
CNTNAP2	0.73006523	0.60649347	0.97883844	0.41240561	0.82822937	1.0448271036148	0.55792236	1.22169173	CNTNAP2_exp2_het_5	exp2_het_5
CNTNAP2	0.71818256	0.73259085	1.12201476	0.38231564	0.87292451	1.0256403684616	0.53626323	1.42578256	CNTNAP2_exp2_het_6	exp2_het_6
CNTNAP2	0.9070496	0.74723482	1.17491841	0.43150437	0.91690809	1.0887992382049501	0.60750437	1.41601217	CNTNAP2_exp2_het_7	exp2_het_7
CNTNAP2	0.73000509	0.65054238	0.82592624	0.23456946	0.93028361	1.1169904470443699	0.53998005	0.82179809	CNTNAP2_exp2_het_8	exp2_het_8
CNTNAP2	0.52937895	0.55918902	0.78218448	0.26984325	0.86945879	1.1970578432083101	0.53828603	0.8559227	CNTNAP2_exp2_het_9	exp2_het_9
CNTNAP2	0.81139541	0.5986923	0.93349618	0.27110136	0.70669061	0.79302936792373602	0.58690929	0.88483155	CNTNAP2_exp2_het_10	exp2_het_10
CNTNAP2	0.65974462	0.73073989	1.22000444	0.22760758	0.97906828	1.07403123378753	0.59060091	1.07934833	CNTNAP2_exp2_hom_1	exp2_hom_1
CNTNAP2	0.68662959	0.87784123	1.2420404	0.33960679	0.91908032	1.12750244140625	0.64908534	1.32253218	CNTNAP2_exp2_hom_2	exp2_hom_2
CNTNAP2	1.04946005	0.95744169	1.8889575	0.51800436	1.08447862	1.3813545703887899	0.78138936	1.91105199	CNTNAP2_exp2_hom_3	exp2_hom_3
CNTNAP2	0.75625658	0.81537098	1.61505306	0.882604	1.07302856	1.4834786653518599	0.74797976	1.6637907	CNTNAP2_exp2_hom_4	exp2_hom_4
CNTNAP2	1.11394978	1.0836165	1.69511461	0.53949535	1.13877857	1.37395572662353	0.90455019	1.79549491	CNTNAP2_exp2_hom_5	exp2_hom_5
CNTNAP2	0.79795378	0.94294554	1.18310153	0.38459283	1.04474664	1.1888967752456601	0.65388256	1.28640389	CNTNAP2_exp2_hom_6	exp2_hom_6
CNTNAP2	0.98364544	1.20679092	1.85593712	0.57283491	1.52905142	1.4700725078582699	0.89159524	2.04068732	CNTNAP2_exp2_hom_7	exp2_hom_7
CNTNAP2	0.82863319	0.69658929	0.947303	0.25454569	1.05958486	1.02006518840789	0.56334096	0.95298457	CNTNAP2_exp2_hom_8	exp2_hom_8
CNTNAP2	0.50207484	0.56554836	1.48434114	0.68601167	0.90905988	1.0729963779449401	0.50266778	1.57646906	CNTNAP2_exp2_hom_9	exp2_hom_9
CNTNAP2	0.89643049	1.10117936	1.69628549	0.65954465	1.14272356	1.5686781406402499	0.8242678	1.92736721	CNTNAP2_exp2_hom_10	exp2_hom_10
CNTNAP2	1.04889774	0.89439541	1.43328142	0.44581527	0.97893071	1.0144969224929801	0.68902975	1.61746716	CNTNAP2_exp2_wt_1	exp2_wt_1
CNTNAP2	0.83823609	0.75849539	1.06747496	0.51768011	0.95492649	1.6242659091949401	0.63533849	1.38921022	CNTNAP2_exp2_wt_2	exp2_wt_2
CNTNAP2	0.74592274	0.74076372	1.24661493	0.3066788	0.92652458	1.07563936710357	0.61846048	1.28843498	CNTNAP2_exp2_wt_3	exp2_wt_3
CNTNAP2	0.95235068	0.78676456	1.26904356	0.22331598	0.91997218	0.63153713941574097	0.63264894	0.95365524	CNTNAP2_exp2_wt_4	exp2_wt_4
CNTNAP2	0.51986915	0.44367507	0.57792586	0.13433371	0.63188821	0.748457491397857	0.41150516	0.6447835	CNTNAP2_exp2_wt_5	exp2_wt_5
CNTNAP2	0.85768592	0.70512885	1.31814682	0.34246823	0.89306587	1.0632951259612999	0.68205959	1.25279951	CNTNAP2_exp2_wt_6	exp2_wt_6
CNTNAP2	0.73409539	0.81418622	0.96647805	0.21734898	1.04858375	1.1401884555816599	0.69657725	0.81018758	CNTNAP2_exp2_wt_7	exp2_wt_7
CNTNAP2	0.48903805	0.62469906	1.15908873	0.25384536	0.5525943	0.73251873254776001	0.45573896	1.24121702	CNTNAP2_exp2_wt_8	exp2_wt_8
CNTNAP2	0.72323173	0.59822613	0.88895565	0.19182378	0.84440374	0.68928730487823398	0.5015195	0.8062942	CNTNAP2_exp2_wt_9	exp2_wt_9
CNTNAP2	1.04626346	0.74004626	1.23228037	0.3931056	1.1606009	1.1406390666961601	0.84041381	1.45950758	CNTNAP2_exp2_wt_10	exp2_wt_10
CNTNAP2	0.55241138	0.41542837	0.43587151	0.16512091	0.56855035	0.41518256068229598	0.49201292	0.5129593	CNTNAP2_exp3_het_1	exp3_het_1
CNTNAP2	0.71028751	0.48342106	0.58453345	0.1338015	0.50560212	0.29840752482414201	0.49809456	0.58079022	CNTNAP2_exp3_het_2	exp3_het_2
CNTNAP2	0.54974359	0.42386937	0.49615315	0.12501152	0.44313002	0.360845386981964	0.46094131	0.49355084	CNTNAP2_exp3_het_3	exp3_het_3
CNTNAP2	0.55066496	0.48673731	0.67351949	0.20702727	0.51170605	0.49824067950248702	0.43604609	0.70566314	CNTNAP2_exp3_het_4	exp3_het_4
CNTNAP2	0.79138136	0.57358003	0.84030229	0.30037847	0.60282212	0.62939602136611905	0.57128543	0.88787687	CNTNAP2_exp3_het_5	exp3_het_5
CNTNAP2	0.76048976	0.48359671	0.6878975	0.2350108	0.6521951	0.70042711496353105	0.48401034	0.73437417	CNTNAP2_exp3_het_6	exp3_het_6
CNTNAP2	0.52274114	0.47579807	0.62462044	0.23897192	0.57869017	0.47176274657249401	0.45231271	0.62508905	CNTNAP2_exp3_het_7	exp3_het_7
CNTNAP2	0.495657	0.43531603	0.61956859	0.19372892	0.45869532	0.42672434449195801	0.38589606	0.59711665	CNTNAP2_exp3_het_8	exp3_het_8
CNTNAP2	0.64440221	0.42703256	0.60585916	0.21248019	0.53443199	0.45600876212120001	0.45405427	0.64136326	CNTNAP2_exp3_het_9	exp3_het_9
CNTNAP2	0.72175139	0.53866929	0.74947137	0.41834858	0.72612798	0.79714429378509499	0.59541309	0.7447651	CNTNAP2_exp3_het_10	exp3_het_10
CNTNAP2	0.30355242	0.47425139	0.58803117	0.29152125	0.56493366	0.41852259635925199	0.36196917	0.53782225	CNTNAP2_exp3_hom_1	exp3_hom_1
CNTNAP2	0.36476719	0.34208959	0.44324693	0.10906841	0.47281295	0.34634831547737099	0.36936525	0.37845591	CNTNAP2_exp3_hom_2	exp3_hom_2
CNTNAP2	0.53229433	0.31269428	0.5055719	0.14373849	0.28730389	0.28873872756958002	0.35672504	0.49768764	CNTNAP2_exp3_hom_3	exp3_hom_3
CNTNAP2	0.33406773	0.63703829	0.60689211	0.16926867	0.69036865	0.45591530203819203	0.35827976	0.53262323	CNTNAP2_exp3_hom_4	exp3_hom_4
CNTNAP2	0.50446492	0.37223867	0.66679603	0.23156562	0.44844794	0.54484099149703902	0.36197343	0.78229916	CNTNAP2_exp3_hom_5	exp3_hom_5
CNTNAP2	0.59802765	0.53367364	0.76872414	0.30994734	0.58896887	0.64218181371688798	0.46449357	0.81145328	CNTNAP2_exp3_hom_6	exp3_hom_6
CNTNAP2	0.4482384	0.43566641	0.46547261	0.12395834	0.5075708	0.34682217240333502	0.39045388	0.40797427	CNTNAP2_exp3_wt_1	exp3_wt_1
CNTNAP2	0.43700284	0.31078279	0.38132584	0.12213801	0.3632572	0.26184761524200401	0.33283424	0.46366796	CNTNAP2_exp3_wt_2	exp3_wt_2
CNTNAP2	0.45480335	0.35404947	0.33124527	0.06632423	0.53155327	0.27946367859840299	0.34000948	0.24618961	CNTNAP2_exp3_wt_3	exp3_wt_3
CNTNAP2	0.42583698	0.34327072	0.54114562	0.13009398	0.46243086	0.44711804389953602	0.34450495	0.54910856	CNTNAP2_exp3_wt_4	exp3_wt_4
CNTNAP2	0.58272213	0.43560338	0.50998867	0.15414026	0.56970018	0.50109606981277399	0.41342041	0.51442224	CNTNAP2_exp3_wt_5	exp3_wt_5
CNTNAP2	0.25766364	0.24674296	0.3948175	0.14760901	0.33307371	0.30197614431381198	0.25867233	0.36717403	CNTNAP2_exp3_wt_6	exp3_wt_6
CNTNAP2	0.42720371	0.38599017	0.52707803	0.14125206	0.43897727	0.373298019170761	0.30797964	0.51067859	CNTNAP2_exp3_wt_7	exp3_wt_7
CNTNAP2	0.41238889	0.35849878	0.37847641	0.12021755	0.40684196	0.44131210446357699	0.29652563	0.36584419	CNTNAP2_exp3_wt_8	exp3_wt_8
CNTNAP2	0.57420737	0.43395883	0.44506133	0.09632125	0.54868364	0.27924022078514099	0.48315969	0.37473559	CNTNAP2_exp3_wt_9	exp3_wt_9
CNTNAP2	0.35766634	0.3519848	0.42606807	0.10706493	0.40843233	0.34408944845199502	0.32893872	0.42920941	CNTNAP2_exp3_wt_10	exp3_wt_10
CNTNAP2	0.56959969	0.48805335	0.62928462	0.20309141	0.57281864	0.55566889047622603	0.46630657	0.66791874	CNTNAP2_exp3_wt_11	exp3_wt_11
CUL3	0.93201047	0.95316863	1.03409219	0.30970052	0.9690308	0.90457326173782304	0.69901264	0.9911117	CUL3_exp1_het_1	exp1_het_1
CUL3	0.60566217	0.68379211	1.04634154	0.28788343	0.65753663	0.89218550920486395	0.49994633	1.08533859	CUL3_exp1_het_2	exp1_het_2
CUL3	0.9815098	0.83564019	1.15228248	0.42034239	0.89967	1.0826436281204199	0.71002978	1.22772706	CUL3_exp1_het_3	exp1_het_3
CUL3	0.62359095	0.59322959	1.2391113	0.28161725	0.4454217	0.68019378185272195	0.43522266	1.26018846	CUL3_exp1_het_4	exp1_het_4
CUL3	0.64071357	0.63110036	1.06508505	0.23713212	0.60613197	0.83166128396987904	0.46922749	0.96497113	CUL3_exp1_het_5	exp1_het_5
CUL3	0.68922383	0.72092497	1.16128504	0.29764667	0.62311703	0.82061976194381703	0.5086202	1.23566127	CUL3_exp1_het_6	exp1_het_6
CUL3	0.86720055	1.07598257	0.75769758	0.18811129	1.27752161	0.44773262739181502	0.89649761	0.5727765	CUL3_exp1_het_7	exp1_het_7
CUL3	0.99294239	1.15838921	1.13271964	0.45012155	1.06777263	0.39630761742591802	0.7675553	1.19234705	CUL3_exp1_het_8	exp1_het_8
CUL3	1.02510774	0.98013794	1.34540892	0.35268006	0.8888455	0.91601026058196999	0.71768677	1.2973299	CUL3_exp1_homhet_1	exp1_homhet_1
CUL3	0.47455627	0.79867661	0.59141201	0.13748416	0.66882104	0.68720579147338801	0.36938459	0.72403198	CUL3_exp1_homhet_2	exp1_homhet_2
CUL3	0.61257923	0.56758046	0.68914515	0.21076255	0.63031495	0.94813096523284901	0.4495196	0.81084877	CUL3_exp1_homhet_3	exp1_homhet_3
CUL3	0.46528429	0.57811069	0.70306695	0.1630301	0.55205649	0.79672271013259799	0.31323442	0.86090517	CUL3_exp1_homhet_4	exp1_homhet_4
CUL3	0.75424904	0.57186896	0.76830852	0.22137709	0.67962319	0.76043438911437899	0.49028531	0.62677974	CUL3_exp1_homhet_5	exp1_homhet_5
CUL3	0.78524393	0.75284731	1.13476276	0.27973101	0.8663252	0.96226757764816195	0.57209367	1.05449176	CUL3_exp1_homhet_6	exp1_homhet_6
CUL3	0.57307053	0.61244011	0.8359912	0.17857336	0.62925994	0.71491622924804599	0.41807783	0.80736828	CUL3_exp1_homhet_7	exp1_homhet_7
CUL3	0.64501154	0.81199902	0.68034732	0.16466329	0.68405521	0.666015625	0.55468619	0.65447015	CUL3_exp1_wt_1	exp1_wt_1
CUL3	0.56977969	0.6852535	0.80509615	0.21109647	0.53229886	0.83226180076599099	0.48096544	1.01153374	CUL3_exp1_wt_2	exp1_wt_2
CUL3	0.71523565	0.74900228	0.9677577	0.23851338	0.64810896	0.57388758659362704	0.53146648	1.02843678	CUL3_exp1_wt_3	exp1_wt_3
CUL3	0.94796419	0.86578751	1.22493339	0.47432327	0.77034163	1.20754277706146	0.88690358	1.46929967	CUL3_exp2_het_1	exp2_het_1
CUL3	0.84497279	0.75224829	0.71372932	0.37558791	0.74727803	0.80972748994827204	0.65387297	0.81795454	CUL3_exp2_het_2	exp2_het_2
CUL3	0.59092271	0.84088594	0.95771247	0.28915453	0.81120259	0.97591781616210904	0.6298278	0.99886429	CUL3_exp2_het_3	exp2_het_3
CUL3	0.73134559	0.72071683	0.59237379	0.24487969	0.61502278	0.60999792814254705	0.62759328	0.66988909	CUL3_exp2_het_4	exp2_het_4
CUL3	0.8776207	0.77386266	0.90401542	0.38425505	1.15800059	1.2950518131256099	0.70864928	1.01275074	CUL3_exp2_het_5	exp2_het_5
CUL3	0.8098076	0.68876392	0.79043406	0.33634007	0.6932829	0.89442676305770796	0.81296861	0.88593197	CUL3_exp2_het_6	exp2_het_6
CUL3	0.83857608	0.73451781	1.08528781	0.49262676	0.66072744	0.94914078712463301	0.74393135	1.28664064	CUL3_exp2_homhet_1	exp2_homhet_1
CUL3	0.96926057	0.86174715	0.97966087	0.44561261	0.8753469	1.07307469844818	0.7682541	1.14786506	CUL3_exp2_homhet_2	exp2_homhet_2
CUL3	0.66301936	0.64561301	0.89191306	0.3472569	0.66589832	0.95302039384841897	0.55501139	1.05350614	CUL3_exp2_homhet_3	exp2_homhet_3
CUL3	0.94654018	0.75117952	0.97881818	0.59001327	0.73633814	1.11150050163269	0.71174002	1.41099465	CUL3_exp2_homhet_4	exp2_homhet_4
CUL3	0.74050963	0.81673717	1.01782656	0.32547536	0.87109029	1.1893125772476101	0.71228468	1.11920273	CUL3_exp2_homhet_5	exp2_homhet_5
CUL3	1.49820971	0.93144041	1.97767115	0.59603482	1.02488303	1.4815094470977701	0.93407172	2.25207114	CUL3_exp2_homhet_6	exp2_homhet_6
CUL3	0.65812552	0.47160324	0.58299077	0.25704145	0.50515676	0.65091365575790405	0.55477673	0.87222606	CUL3_exp2_homhet_7	exp2_homhet_7
CUL3	0.76937038	0.77449459	0.72216463	0.31408736	0.79822296	0.84183883666992099	0.76982117	0.76877242	CUL3_exp2_wt_1	exp2_wt_1
CUL3	0.71611249	0.6788047	0.76256102	0.24577454	0.66676015	0.669344723224639	0.62296736	0.80321318	CUL3_exp2_wt_2	exp2_wt_2
CUL3	0.82100093	0.7410062	1.0953418	0.45233989	0.9734112	1.34097683429718	0.69834793	1.63948488	CUL3_exp2_wt_3	exp2_wt_3
CUL3	1.11647213	0.89546824	1.33340836	0.63995445	0.97204214	1.4139620065689	0.93720764	1.52281618	CUL3_exp2_wt_4	exp2_wt_4
CUL3	0.56025892	0.61487544	0.71340644	0.27664849	0.587367	0.75924670696258501	0.49051252	0.72317612	CUL3_exp2_wt_5	exp2_wt_5
CUL3	3.23558784	2.17342424	5.87902021	1.28326893	1.98948526	1.6857732534408501	1.43196678	3.50984883	CUL3_exp3_het_1	exp3_het_1
CUL3	1.6181376	1.22429419	4.31459093	0.76009303	1.24994385	2.6372389793395898	0.88089138	2.32063508	CUL3_exp3_het_2	exp3_het_2
CUL3	1.92878783	1.41227508	3.22837162	1.09365261	1.56804407	2.3896062374114901	1.22606862	2.86787152	CUL3_exp3_het_3	exp3_het_3
CUL3	1.64635611	1.24384034	2.55997801	1.03479934	1.33599579	2.5204839706420898	1.02264428	2.73347974	CUL3_exp3_het_4	exp3_het_4
CUL3	1.84017777	1.78971088	4.79251671	1.02413964	1.88517523	2.4569597244262602	1.13082254	3.41362643	CUL3_exp3_het_5	exp3_het_5
CUL3	1.37236691	1.1966362	4.21491814	1.15846157	0.98979938	1.8423442840576101	0.88825428	3.73372054	CUL3_exp3_het_6	exp3_het_6
CUL3	1.04192591	0.99624902	1.54840982	0.27760193	1.21036327	1.2348107099532999	0.79158115	0.77997553	CUL3_exp3_homhet_1	exp3_homhet_1
CUL3	1.67417169	1.52990365	2.9437077	0.87529111	1.68616426	2.2013750076293901	1.12908852	3.14888072	CUL3_exp3_homhet_2	exp3_homhet_2
CUL3	2.22726965	1.74674082	4.87079096	1.2748158	1.86585879	2.7432897090911799	1.2231791	3.9438262	CUL3_exp3_homhet_3	exp3_homhet_3
CUL3	1.12404847	0.98393381	2.55598998	1.06985295	1.32398808	3.09929919242858	0.80968481	2.39005232	CUL3_exp3_homhet_4	exp3_homhet_4
CUL3	1.705109	1.37367201	3.43819022	1.02612627	1.52865446	2.5608091354370099	0.96922475	3.12861919	CUL3_exp3_homhet_5	exp3_homhet_5
CUL3	1.1518712	1.19965577	1.35574186	0.58584595	1.24309528	1.8910336494445801	1.59800112	1.70045924	CUL3_exp3_homhet_6	exp3_homhet_6
CUL3	1.67714739	1.29476285	3.68614244	0.97997934	1.48255658	2.2599060535430899	1.07079959	2.75176001	CUL3_exp3_homhet_7	exp3_homhet_7
CUL3	1.37514234	0.88096565	1.59001505	0.53081036	0.96161515	1.76513767242431	1.04241431	1.47278798	CUL3_exp3_homhet_8	exp3_homhet_8
CUL3	1.05404282	0.99426979	1.80471659	0.38968351	1.08969355	1.8681955337524401	0.8055504	1.12864172	CUL3_exp3_homhet_9	exp3_homhet_9
CUL3	1.8404038	1.42908883	3.60818982	0.88281	1.88242972	2.8737623691558798	1.23896301	2.60846996	CUL3_exp3_wt_1	exp3_wt_1
CUL3	2.37671399	1.67169321	4.10880375	1.29197669	2.00543714	2.84697294235229	1.33792269	2.90092063	CUL3_exp3_wt_2	exp3_wt_2
CUL3	1.06175292	1.08210337	2.69815612	0.53677779	1.39784658	2.93706083297729	0.86862481	2.53791094	CUL3_exp3_wt_3	exp3_wt_3
CUL3	2.07789278	1.6979754	4.0485692	1.2183522	1.72268283	2.7274584770202601	1.02762127	3.40248537	CUL3_exp3_wt_4	exp3_wt_4
CUL3	1.49904156	1.32574546	2.94320345	0.82688475	1.63269353	2.1759877204895002	0.99774241	2.25099206	CUL3_exp3_wt_5	exp3_wt_5
CUL3	1.14377296	1.18380094	3.14299393	0.96593869	1.17384326	2.5610156059265101	1.03128779	4.00027657	CUL3_exp3_wt_6	exp3_wt_6
CUL3	0.73552889	0.51254141	0.61611694	0.26578116	0.46683511	0.47119003534317	0.44019407	0.64257151	CUL3_exp3_wt_7	exp3_wt_7
CUL3	0.62933993	0.37275198	0.51383471	0.19583167	0.43811655	0.468528062105178	0.34746507	0.5465641	CUL3_exp3_wt_8	exp3_wt_8
CUL3	0.70656466	0.41816184	0.56716853	0.31066391	0.46785897	0.60921072959899902	0.42819628	0.8778463	CUL3_exp3_wt_9	exp3_wt_9
CUL3	1.64131188	1.14535439	2.29947639	0.58391011	0.97774214	1.10160684585571	0.95616263	1.28602135	CUL3_exp3_wt_10	exp3_wt_10
CUL3	1.43095124	1.08696568	2.53268242	0.66498327	1.06354499	1.10048520565032	0.97674823	1.10269868	CUL3_exp3_wt_11	exp3_wt_11
CUL3	1.49420571	1.26858938	3.21788239	0.94748759	1.4432348	2.4450306892395002	0.92434967	2.96079445	CUL3_exp3_wt_12	exp3_wt_12
CUL3	2.1041894	1.66208398	4.59823084	1.27477026	1.46385694	2.96386194229125	1.2205658	4.27008629	CUL3_exp3_wt_13	exp3_wt_13
DYRK1A	0.60149693	0.39632151	0.37399465	0.16156109	0.70311767	0.97192877531051602	0.37436876	0.53081512	DYRK1A_exp1_het_1	exp1_het_1
DYRK1A	0.56830198	0.36826342	0.88895172	0.2832258	0.47297642	0.85818922519683805	0.38711959	1.26589692	DYRK1A_exp1_het_2	exp1_het_2
DYRK1A	0.74936807	0.54743683	0.9248473	0.34357914	0.63351816	1.0125306844711299	0.56223077	1.11252248	DYRK1A_exp1_het_3	exp1_het_3
DYRK1A	0.51018775	0.33649573	0.36968434	0.13106197	0.46448418	0.49928173422813399	0.31304687	0.41324469	DYRK1A_exp1_het_4	exp1_het_4
DYRK1A	0.34385112	0.5054307	1.1031425	0.39981037	0.66005075	1.13333415985107	0.34516498	1.4741236	DYRK1A_exp1_het_5	exp1_het_5
DYRK1A	0.44946057	0.40467969	0.68273276	0.21577658	0.5487029	0.64571624994277899	0.37399331	0.83800918	DYRK1A_exp1_het_6	exp1_het_6
DYRK1A	0.46379089	0.36984497	0.42969647	0.12340344	0.43580785	0.51493722200393599	0.35034844	0.47876614	DYRK1A_exp1_het_7	exp1_het_7
DYRK1A	0.49008942	0.42209566	0.65489364	0.15628016	0.48073912	0.72642081975936801	0.37341937	0.8553735	DYRK1A_exp1_het_8	exp1_het_8
DYRK1A	0.35831901	0.51863343	0.9652819	0.3089447	0.65360886	0.96843564510345403	0.32852751	1.14317954	DYRK1A_exp1_het_9	exp1_het_9
DYRK1A	0.35160187	0.40139207	0.65098947	0.27655998	0.55455971	1.05609738826751	0.31469572	0.99672723	DYRK1A_exp1_hom_1	exp1_hom_1
DYRK1A	0.37029806	0.47783411	0.83282983	0.34817466	0.62434924	1.2098833322525	0.34281877	1.20312059	DYRK1A_exp1_hom_2	exp1_hom_2
DYRK1A	0.33777294	0.35982299	0.77824867	0.3596234	0.40917784	1.21268618106842	0.29699644	1.23715353	DYRK1A_exp1_hom_3	exp1_hom_3
DYRK1A	0.63072193	0.39650238	0.64806223	0.21540673	0.51903653	0.73524641990661599	0.39951116	0.84901679	DYRK1A_exp1_hom_4	exp1_hom_4
DYRK1A	0.51949984	0.32667065	0.35676989	0.1059192	0.43325946	0.34312281012535001	0.31197032	0.41803074	DYRK1A_exp1_hom_5	exp1_hom_5
DYRK1A	0.64379567	0.44205901	0.83937389	0.19126779	0.55901051	1.0643490552902199	0.2575646	0.59525818	DYRK1A_exp1_hom_6	exp1_hom_6
DYRK1A	0.33563676	0.34884298	0.33954018	0.14894669	0.44107887	0.81085431575775102	0.27495834	0.32613641	DYRK1A_exp1_hom_7	exp1_hom_7
DYRK1A	0.5087828	0.43204868	0.49302962	0.13923861	0.43186164	0.59848254919052102	0.34692037	0.59686691	DYRK1A_exp1_hom_8	exp1_hom_8
DYRK1A	0.3400692	0.37328073	0.48547789	0.21970242	0.5356369	0.67747789621353105	0.35162953	0.66522008	DYRK1A_exp1_hom_9	exp1_hom_9
DYRK1A	0.5906651	0.3466312	0.41849118	0.14724581	0.4608736	0.41190212965011502	0.40085787	0.47447753	DYRK1A_exp1_hom_10	exp1_hom_10
DYRK1A	0.56268984	0.55482423	1.04114771	0.33308077	0.62229156	0.97349494695663397	0.42498869	1.60473919	DYRK1A_exp1_wt_1	exp1_wt_1
DYRK1A	0.53913617	0.51493281	0.78248745	0.3231279	0.64197826	0.96786379814147905	0.42179117	1.0663197	DYRK1A_exp1_wt_2	exp1_wt_2
DYRK1A	0.6749801	0.61221153	0.97704911	0.36799222	0.67163694	1.1263518333435001	0.40831476	1.48762619	DYRK1A_exp1_wt_3	exp1_wt_3
DYRK1A	0.55186969	0.36295888	0.54378158	0.20727067	0.4074657	0.480858445167541	0.37050679	0.5968321	DYRK1A_exp1_wt_4	exp1_wt_4
DYRK1A	0.50962192	0.35288903	0.86846966	0.27647355	0.34761956	0.77470099925994795	0.34664193	1.18865776	DYRK1A_exp1_wt_5	exp1_wt_5
DYRK1A	0.43251306	0.36171407	0.52863032	0.13978375	0.38574848	0.72320902347564697	0.24999282	0.74118733	DYRK1A_exp1_wt_6	exp1_wt_6
DYRK1A	0.35684189	0.70422697	1.55014467	0.52387363	0.8621372	1.40335440635681	0.31020206	2.0790689	DYRK1A_exp1_wt_7	exp1_wt_7
DYRK1A	0.60578334	0.50533491	0.93779397	0.35571411	0.51190811	0.88515704870223999	0.50874013	1.26914465	DYRK1A_exp2_het_1	exp2_het_1
DYRK1A	0.68272531	0.53950721	0.79963803	0.31654927	0.63765347	0.90528333187103205	0.59173691	1.08851171	DYRK1A_exp2_het_2	exp2_het_2
DYRK1A	0.66022032	0.51600051	0.82729453	0.31181115	0.47876984	0.817108154296875	0.49557799	0.95076019	DYRK1A_exp2_het_3	exp2_het_3
DYRK1A	0.45350829	0.51981127	0.68059844	0.19755918	0.50801539	0.74199724197387695	0.45613223	0.78613073	DYRK1A_exp2_het_4	exp2_het_4
DYRK1A	0.41735515	0.40493309	0.55364925	0.1334587	0.46119317	0.61659365892410201	0.45242676	0.74529302	DYRK1A_exp2_het_5	exp2_het_5
DYRK1A	0.43431866	0.46763137	0.60885721	0.1742882	0.56552088	0.97673314809799106	0.42549655	0.67945683	DYRK1A_exp2_het_6	exp2_het_6
DYRK1A	0.62500161	0.57578623	0.71664345	0.23651531	0.67625368	0.78467804193496704	0.46992758	0.87168854	DYRK1A_exp2_het_7	exp2_het_7
DYRK1A	0.38303575	0.33497059	0.31669652	0.08275825	0.37590724	0.55565530061721802	0.44251266	0.26647121	DYRK1A_exp2_hom_1	exp2_hom_1
DYRK1A	0.47113442	0.40204507	0.50346196	0.14166753	0.36628607	0.55394178628921498	0.39873758	0.61152154	DYRK1A_exp2_hom_2	exp2_hom_2
DYRK1A	0.41332161	0.37300271	0.51055616	0.21657869	0.44471359	0.97348868846893299	0.40374407	0.6634593	DYRK1A_exp2_hom_3	exp2_hom_3
DYRK1A	0.94221455	0.45848072	0.77670228	0.35931903	0.58534497	0.76158070564269997	0.39710104	0.87874728	DYRK1A_exp2_hom_4	exp2_hom_4
DYRK1A	0.64886302	0.53294915	0.63193822	0.22888514	0.60668308	0.82538455724716098	0.46442923	0.7570349	DYRK1A_exp2_hom_5	exp2_hom_5
DYRK1A	0.53380936	0.47720018	0.50318199	0.13553996	0.52286935	0.561850726604461	0.49313039	0.50312936	DYRK1A_exp2_hom_6	exp2_hom_6
DYRK1A	0.36063439	0.37963274	0.46061027	0.10265631	0.38771287	0.52240991592407204	0.40690601	0.40247476	DYRK1A_exp2_hom_7	exp2_hom_7
DYRK1A	0.68082827	0.48397082	0.55984443	0.24279098	0.48634458	0.72588890790939298	0.49722394	0.67165655	DYRK1A_exp2_hom_8	exp2_hom_8
DYRK1A	0.60304606	0.5744974	0.94984728	0.31793293	0.74195224	1.1768110990524201	0.54354084	1.06809354	DYRK1A_exp2_wt_1	exp2_wt_1
DYRK1A	0.4995904	0.48310933	0.77090502	0.22823584	0.37719125	0.64570873975753695	0.35684824	1.11603975	DYRK1A_exp2_wt_2	exp2_wt_2
DYRK1A	0.39836261	0.48876354	0.63072419	0.1904534	0.46432427	0.77759093046188299	0.31821874	0.76150578	DYRK1A_exp2_wt_3	exp2_wt_3
DYRK1A	0.39283803	0.55281585	0.92331952	0.31501499	0.59962136	0.842085421085357	0.34479776	1.15201211	DYRK1A_exp2_wt_4	exp2_wt_4
DYRK1A	0.4421294	0.39582223	0.92053998	0.30903935	0.344699	0.58634734153747503	0.30967897	1.39124191	DYRK1A_exp2_wt_5	exp2_wt_5
DYRK1A	0.39856166	0.50098777	0.63438404	0.19980328	0.56173819	0.69661301374435403	0.31354049	0.848961	DYRK1A_exp2_wt_6	exp2_wt_6
DYRK1A	0.42157492	0.45212162	0.74420977	0.27433652	0.42020446	0.83504360914230302	0.35684007	1.11032438	DYRK1A_exp2_wt_7	exp2_wt_7
DYRK1A	0.49922767	0.4754065	0.72617966	0.23360115	0.55655134	0.81521093845367398	0.49985895	0.98174566	DYRK1A_exp2_wt_8	exp2_wt_8
DYRK1A	0.55490035	0.79016298	1.36578083	0.57758838	1.07960033	1.3816447257995601	0.50174612	1.60557425	DYRK1A_exp2_wt_9	exp2_wt_9
DYRK1A	0.56231719	0.7293188	0.98263651	0.28173187	0.79590553	1.0200349092483501	0.50629944	1.20441866	DYRK1A_exp2_wt_10	exp2_wt_10
DYRK1A	0.68451762	0.62280327	1.24931979	0.51464301	0.7568146	1.2165600061416599	0.56227541	1.80082309	DYRK1A_exp2_wt_11	exp2_wt_11
GRIN2B	1.49519598	1.22794473	1.03060055	0.32075506	1.08313274	0.63945525884628296	0.74174076	0.92591214	GRIN2B_exp1_het_1	exp1_het_1
GRIN2B	0.88737297	0.36706927	0.4018265	0.1586055	0.32516217	0.20657730102538999	0.35624808	0.32791132	GRIN2B_exp1_het_2	exp1_het_2
GRIN2B	1.27811301	0.98778939	1.4202503	0.56448388	0.92602056	1.197802901268	0.58665633	1.57627749	GRIN2B_exp1_het_3	exp1_het_3
GRIN2B	1.22533894	0.86655766	1.33573961	0.54494822	0.81523788	1.0472171306610101	0.63165545	1.44239092	GRIN2B_exp1_het_4	exp1_het_4
GRIN2B	1.34392118	1.06075907	1.74764955	0.46563777	0.83477604	0.89059442281723	0.74414504	1.81782913	GRIN2B_exp1_hom_1	exp1_hom_1
GRIN2B	1.47487843	1.12381363	1.51636374	0.56208354	0.97926849	1.1244966983795099	0.63318729	1.45829248	GRIN2B_exp1_hom_2	exp1_hom_2
GRIN2B	1.55638814	1.03849459	1.49234986	0.66561776	1.24482512	1.0961709022521899	0.76144809	1.35640979	GRIN2B_exp1_hom_3	exp1_hom_3
GRIN2B	1.46807897	1.35633183	1.47666943	0.70368075	1.20376885	1.48237287998199	0.75505096	1.70706129	GRIN2B_exp1_hom_4	exp1_hom_4
GRIN2B	1.33597875	0.96746051	1.35791373	0.46452326	0.90169567	1.14114677906036	0.56810451	1.63826251	GRIN2B_exp1_hom_5	exp1_hom_5
GRIN2B	1.27283907	0.76900595	1.05386138	0.37350565	0.78554106	1.1006283760070801	0.54168904	1.40335047	GRIN2B_exp1_hom_6	exp1_hom_6
GRIN2B	0.95599204	0.59459478	0.94692421	0.32998389	0.50776958	0.72684669494628895	0.37803084	1.18305588	GRIN2B_exp1_hom_7	exp1_hom_7
GRIN2B	1.3662324	0.91770506	1.44783521	0.42235029	0.8820585	1.0370520353317201	0.55960155	1.27181208	GRIN2B_exp1_hom_8	exp1_hom_8
GRIN2B	1.50343728	0.89805782	1.11755586	0.64475775	0.80844849	1.23903143405914	0.69834054	1.50974286	GRIN2B_exp1_wt_1	exp1_wt_1
GRIN2B	1.81413639	1.20615041	1.65053391	0.7474305	1.06691003	1.43420994281768	0.68656647	1.98342335	GRIN2B_exp1_wt_2	exp1_wt_2
GRIN2B	1.4008075	0.92906576	1.18635571	0.50210881	0.84112179	0.88629007339477495	0.64612329	1.24006379	GRIN2B_exp1_wt_3	exp1_wt_3
GRIN2B	1.32369685	0.83359998	1.28878236	0.55203104	0.75800139	1.1479190587997401	0.72449183	1.65046334	GRIN2B_exp1_wt_4	exp1_wt_4
GRIN2B	1.42058039	1.04914212	1.62199926	0.37389889	1.03127086	0.83872920274734497	0.79175341	1.02486074	GRIN2B_exp1_wt_5	exp1_wt_5
GRIN2B	1.51174915	1.03317499	1.02189314	0.57518661	0.9260124	1.1244037151336601	1.04563081	1.17381179	GRIN2B_exp2_het_1	exp2_het_1
GRIN2B	1.1724025	1.06356966	1.66996479	0.69963014	1.16150689	1.21123230457305	0.9486388	1.78412402	GRIN2B_exp2_het_2	exp2_het_2
GRIN2B	1.31871796	0.94501227	1.10855675	0.41857347	0.97472119	1.14508545398712	0.91607612	1.1680795	GRIN2B_exp2_het_3	exp2_het_3
GRIN2B	1.59468305	0.9820776	1.74855506	0.69156599	1.12065279	1.47067546844482	1.33325911	1.81102443	GRIN2B_exp2_het_4	exp2_het_4
GRIN2B	1.71782899	1.30470335	1.69989061	0.76858008	1.29180717	1.4431113004684399	1.32441664	1.7765801	GRIN2B_exp2_het_5	exp2_het_5
GRIN2B	1.07585824	0.94733715	1.40947008	0.4807772	1.21299493	1.5368250608444201	0.8229208	1.34259248	GRIN2B_exp2_het_6	exp2_het_6
GRIN2B	1.49924862	0.91819417	1.26731849	0.44809204	0.90284574	1.17779088020324	0.93440437	1.26359332	GRIN2B_exp2_het_7	exp2_het_7
GRIN2B	0.97234595	0.88771415	1.43110526	0.55763853	1.14853668	1.4443877935409499	0.85353976	1.45845056	GRIN2B_exp2_het_8	exp2_het_8
GRIN2B	1.36010194	1.14925098	1.63960993	0.53504896	1.1797893	1.23758852481842	0.8908748	1.67036343	GRIN2B_exp2_hom_1	exp2_hom_1
GRIN2B	1.10448253	0.94343907	1.20952904	0.50332427	0.96883637	1.52054572105407	0.77473068	1.37156248	GRIN2B_exp2_hom_2	exp2_hom_2
GRIN2B	1.05318332	1.03322375	1.42216027	0.62578642	1.09044933	1.6604189872741699	0.75624919	1.75269532	GRIN2B_exp2_hom_3	exp2_hom_3
GRIN2B	0.96471971	1.03692698	1.44850826	0.3482646	1.17148888	1.10608422756195	0.75533134	1.23888516	GRIN2B_exp2_hom_4	exp2_hom_4
GRIN2B	1.29325128	1.02330172	1.32428634	0.42046067	1.04128075	0.96316337585449197	0.9428888	1.24656212	GRIN2B_exp2_hom_5	exp2_hom_5
GRIN2B	1.44467866	1.06641972	1.34992659	0.44463831	1.02688766	1.1725867986678999	1.03296936	1.29926825	GRIN2B_exp2_hom_6	exp2_hom_6
GRIN2B	2.15888548	0.9522112	1.64326489	0.73775846	1.39118099	1.81279456615448	1.2098645	1.8303864	GRIN2B_exp2_hom_7	exp2_hom_7
GRIN2B	1.50302696	1.32682264	1.63193142	0.45694441	1.27940238	1.32399177551269	0.91122252	1.67760193	GRIN2B_exp2_hom_8	exp2_hom_8
GRIN2B	1.66431284	1.05096447	1.11980343	0.46481827	1.1466465	1.09939873218536	0.96919554	0.9233551	GRIN2B_exp2_hom_9	exp2_hom_9
GRIN2B	1.00550103	0.8596158	0.99459171	0.38208395	0.97083545	1.29547750949859	0.8046937	1.12142241	GRIN2B_exp2_wt_1	exp2_wt_1
GRIN2B	1.82325208	1.15349376	1.34974134	0.53977877	1.06267285	1.1375533342361399	1.09335363	1.11728263	GRIN2B_exp2_wt_2	exp2_wt_2
GRIN2B	2.04212713	1.22128224	1.65420055	0.71385473	1.23825979	1.1675003767013501	1.43017364	1.51888239	GRIN2B_exp2_wt_3	exp2_wt_3
GRIN2B	1.17919147	0.97372043	1.37093246	0.49897051	0.99937844	1.1916247606277399	1.00210452	1.49906683	GRIN2B_exp2_wt_4	exp2_wt_4
GRIN2B	1.59173942	1.03805828	1.56681907	0.68843412	0.82487333	1.3926926851272501	0.95963049	1.73364794	GRIN2B_exp2_wt_5	exp2_wt_5
GRIN2B	1.20094395	0.78848469	1.67502081	0.63453311	0.72062856	1.35958623886108	0.84419489	1.78116727	GRIN2B_exp2_wt_6	exp2_wt_6
GRIN2B	1.7941674	1.10988855	1.52421832	0.76522785	1.31462276	1.73227262496948	1.40792429	1.66311288	GRIN2B_exp2_wt_7	exp2_wt_7
GRIN2B	1.17133892	1.04402566	1.60601664	0.64439321	1.59031498	1.7818851470947199	0.86900657	1.79611886	GRIN2B_exp2_wt_8	exp2_wt_8
GRIN2B	1.49654531	0.99712753	1.31404901	0.53057921	1.12567627	0.95298808813095004	0.96939331	1.19434655	GRIN2B_exp2_wt_9	exp2_wt_9
GRIN2B	0.43315694	0.2765139	0.51301754	0.06456971	0.33280143	0.28122338652610701	0.24007119	0.30378371	GRIN2B_exp3_het_1	exp3_het_1
GRIN2B	0.46697155	0.24263956	0.46966949	0.06423131	0.34353253	0.45992138981819097	0.25326416	0.42116663	GRIN2B_exp3_het_2	exp3_het_2
GRIN2B	0.58078456	0.34286961	0.85576731	0.14774726	0.35216427	0.40860500931739802	0.3115356	0.61549866	GRIN2B_exp3_het_3	exp3_het_3
GRIN2B	0.41290179	0.23619291	0.58284849	0.09350726	0.22594814	0.39342179894447299	0.21035612	0.45025516	GRIN2B_exp3_het_4	exp3_het_4
GRIN2B	0.55814219	0.23553333	0.6067664	0.09940591	0.27683198	0.31954482197761502	0.30716497	0.38193569	GRIN2B_exp3_het_5	exp3_het_5
GRIN2B	0.4637157	0.18587965	0.45809439	0.07119326	0.26934198	0.29816937446594199	0.24483995	0.32278246	GRIN2B_exp3_het_6	exp3_het_6
GRIN2B	0.50997019	0.25442401	0.52505666	0.09682657	0.30391464	0.37739220261573703	0.31536299	0.4552359	GRIN2B_exp3_het_7	exp3_het_7
GRIN2B	0.54787511	0.26838931	0.73024255	0.11185557	0.3236891	0.44940853118896401	0.33108458	0.61074698	GRIN2B_exp3_het_8	exp3_het_8
GRIN2B	0.50835919	0.19485275	0.34858921	0.06481198	0.25273076	0.41172045469284002	0.19571017	0.32331172	GRIN2B_exp3_hom_1	exp3_hom_1
GRIN2B	0.33973062	0.21144728	0.43237051	0.06237959	0.26040244	0.440214663743972	0.16681808	0.35335606	GRIN2B_exp3_hom_2	exp3_hom_2
GRIN2B	0.40783915	0.30444103	0.53809178	0.05783869	0.35047132	0.31596210598945601	0.19989528	0.39117882	GRIN2B_exp3_hom_3	exp3_hom_3
GRIN2B	0.40652287	0.23561406	0.51521927	0.06329116	0.30117649	0.29003474116325301	0.20046692	0.42651829	GRIN2B_exp3_hom_4	exp3_hom_4
GRIN2B	0.36307266	0.2675007	0.36773708	0.04199529	0.27688077	0.28144773840904203	0.17867453	0.27142134	GRIN2B_exp3_hom_5	exp3_hom_5
GRIN2B	0.38767818	0.27244705	0.59138447	0.07664402	0.29374549	0.38644844293594299	0.21504331	0.41085386	GRIN2B_exp3_hom_6	exp3_hom_6
GRIN2B	0.39495477	0.21404602	0.38047847	0.07917709	0.20027573	0.37823104858398399	0.17210798	0.50936121	GRIN2B_exp3_hom_7	exp3_hom_7
GRIN2B	0.43663999	0.25160867	0.63457859	0.07268342	0.25004473	0.32370591163635198	0.20434806	0.50618279	GRIN2B_exp3_wt_1	exp3_wt_1
GRIN2B	0.34792736	0.2716774	0.48277232	0.04788192	0.3164342	0.30530640482902499	0.15032478	0.32100308	GRIN2B_exp3_wt_2	exp3_wt_2
GRIN2B	0.44541252	0.21493851	0.4699918	0.05773425	0.28764766	0.27317401766777	0.17443728	0.20779188	GRIN2B_exp3_wt_3	exp3_wt_3
GRIN2B	0.51546425	0.2310288	0.5975644	0.10233271	0.25288728	0.24565872550010601	0.28610244	0.39427057	GRIN2B_exp3_wt_4	exp3_wt_4
GRIN2B	0.55183119	0.29888451	0.72655618	0.12099895	0.29909936	0.182405680418014	0.26981553	0.39939696	GRIN2B_exp3_wt_5	exp3_wt_5
GRIN2B	0.38856754	0.15983209	0.19611831	0.04721395	0.19569278	0.222328141331672	0.16565679	0.11249903	GRIN2B_exp3_wt_6	exp3_wt_6
GRIN2B	0.52420348	0.27267084	0.67934543	0.10571013	0.31869364	0.33330118656158397	0.2612606	0.45369655	GRIN2B_exp3_wt_7	exp3_wt_7
GRIN2B	0.49919239	0.29340583	0.65078503	0.10257659	0.31337202	0.38090342283248901	0.297158	0.49389103	GRIN2B_exp3_wt_8	exp3_wt_8
GRIN2B	0.49158251	0.34751138	0.70749676	0.09997564	0.33583003	0.30065822601318298	0.27031261	0.45685285	GRIN2B_exp3_wt_9	exp3_wt_9
GRIN2B	0.42523822	0.1932826	0.47400466	0.05786422	0.19408834	0.29751619696617099	0.19645345	0.40219006	GRIN2B_exp3_wt_10	exp3_wt_10
GRIN2B	0.27764672	0.27900967	0.57211566	0.05333357	0.31235504	0.38619479537010099	0.1416893	0.52435237	GRIN2B_exp3_wt_11	exp3_wt_11
GRIN2B	0.42538172	0.24572378	0.53444386	0.0594746	0.33868977	0.42865186929702698	0.21890731	0.3935574	GRIN2B_exp3_wt_12	exp3_wt_12
GRIN2B	0.6867972	0.34090877	0.517111	0.14407276	0.33301502	0.40642234683036799	0.33355477	0.50349414	GRIN2B_exp3_wt_13	exp3_wt_13
KATNAL2	0.74509972	0.57474363	0.99399	0.43360806	0.8311525	1.05174219608306	0.70932263	1.10372829	KATNAL2_exp1_het_1	exp1_het_1
KATNAL2	0.49418896	0.55080265	0.75518978	0.31193	0.638143	0.73628836870193404	0.46388909	1.06977272	KATNAL2_exp1_het_2	exp1_het_2
KATNAL2	0.55255145	0.60069156	0.72149044	0.34496567	0.79575706	0.85822129249572698	0.52903593	0.92085564	KATNAL2_exp1_het_3	exp1_het_3
KATNAL2	0.43202275	0.54846203	0.56855154	0.16541095	0.77942371	0.50211113691329901	0.43587628	0.60944879	KATNAL2_exp1_het_4	exp1_het_4
KATNAL2	0.49344304	0.57928145	0.63559353	0.20233856	0.78132409	0.72550088167190496	0.53175265	0.74301702	KATNAL2_exp1_het_5	exp1_het_5
KATNAL2	0.76437086	0.56435937	1.17046452	0.7127406	0.91806984	1.07250356674194	0.65973002	1.4131186	KATNAL2_exp1_het_6	exp1_het_6
KATNAL2	0.4504239	0.49056417	0.61343551	0.2074644	0.56552607	0.50319558382034302	0.51893824	0.64498609	KATNAL2_exp1_het_7	exp1_het_7
KATNAL2	0.45873672	0.60058403	0.622949	0.20000851	0.71647656	0.69719195365905695	0.46440288	0.66244227	KATNAL2_exp1_hom_1	exp1_hom_1
KATNAL2	0.44445562	0.49305928	0.61287951	0.22987919	0.62825704	0.74464577436447099	0.45964351	0.90562636	KATNAL2_exp1_hom_2	exp1_hom_2
KATNAL2	0.38718405	0.40406501	0.56879592	0.19445188	0.50887847	0.64736807346343905	0.46530324	0.80338067	KATNAL2_exp1_hom_3	exp1_hom_3
KATNAL2	0.57358164	0.55458927	0.95220643	0.40956977	0.69038522	0.98487287759780795	0.63661158	1.21372318	KATNAL2_exp1_hom_4	exp1_hom_4
KATNAL2	0.63908726	0.6643191	1.11270869	0.79158074	0.86670375	1.1981898546218801	0.68385214	1.29217541	KATNAL2_exp1_hom_5	exp1_hom_5
KATNAL2	0.48077762	0.48092282	0.57868528	0.25006148	0.60517055	0.67671453952789296	0.58781588	0.65782195	KATNAL2_exp1_hom_6	exp1_hom_6
KATNAL2	0.45328882	0.48903269	0.6509251	0.24635746	0.55554432	0.609691202640533	0.45727834	0.75032473	KATNAL2_exp1_hom_7	exp1_hom_7
KATNAL2	0.56356978	0.54023939	0.92006069	0.37928593	0.55738682	0.659978687763214	0.54554385	1.1818428	KATNAL2_exp1_hom_8	exp1_hom_8
KATNAL2	0.41577777	0.47215879	0.52161098	0.16229524	0.45490816	0.48060733079910201	0.44543201	0.59408396	KATNAL2_exp1_wt_1	exp1_wt_1
KATNAL2	0.42596954	0.48897219	0.61292487	0.24641703	0.65178722	0.95309883356094305	0.47258383	0.72081834	KATNAL2_exp1_wt_2	exp1_wt_2
KATNAL2	0.57967854	0.47872141	0.75487447	0.31164271	0.66776699	0.79032742977142301	0.61286098	0.81348783	KATNAL2_exp1_wt_3	exp1_wt_3
KATNAL2	0.59304523	0.55070221	0.98408377	0.72567087	1.01744771	1.04540503025054	0.6043371	1.08266151	KATNAL2_exp1_wt_4	exp1_wt_4
KATNAL2	0.51871467	0.56169188	0.78417093	0.27815321	0.72282231	0.71584117412567105	0.4232122	0.86797005	KATNAL2_exp1_wt_5	exp1_wt_5
KATNAL2	0.5928995	0.64721018	0.92204547	0.3706674	0.78045893	1.12306284904479	0.51042908	1.21838009	KATNAL2_exp2_het_1	exp2_het_1
KATNAL2	0.57196349	0.96624577	1.68312776	0.60408413	0.7785219	1.3753445148468	0.62441319	2.06677222	KATNAL2_exp2_het_2	exp2_het_2
KATNAL2	0.63098687	0.68335408	0.88910294	0.38370511	0.95194	0.959503233432769	0.58589876	1.19708502	KATNAL2_exp2_het_3	exp2_het_3
KATNAL2	0.48197004	0.49381897	0.8882882	0.41497773	0.6411379	1.21887099742889	0.49453735	1.30086172	KATNAL2_exp2_het_4	exp2_het_4
KATNAL2	0.43140769	0.61497331	0.80728006	0.23501824	0.67919093	1.0397520065307599	0.56988585	0.90104783	KATNAL2_exp2_het_5	exp2_het_5
KATNAL2	0.63001817	0.85078359	1.29873788	0.3683362	1.02985823	0.99605637788772505	0.57400811	1.42903662	KATNAL2_exp2_het_6	exp2_het_6
KATNAL2	0.51771462	1.15103781	1.44020617	0.3282398	1.26477301	1.2352503538131701	0.54588372	1.65170586	KATNAL2_exp2_het_7	exp2_het_7
KATNAL2	0.49801832	0.66592395	1.03794754	0.36576381	0.79813308	1.087819814682	0.55356497	1.23592484	KATNAL2_exp2_het_8	exp2_het_8
KATNAL2	0.476767	0.9119482	1.04833031	0.25560313	1.07210946	1.1199359893798799	0.4852474	1.21020639	KATNAL2_exp2_het_9	exp2_het_9
KATNAL2	0.73064166	1.11051071	0.93834239	0.24100433	0.92017257	0.89910650253295898	0.57402575	1.02146411	KATNAL2_exp2_hom_1	exp2_hom_1
KATNAL2	0.62885141	0.57856536	1.09731567	0.35468572	0.59749192	0.68905866146087602	0.53400975	1.32137549	KATNAL2_exp2_hom_2	exp2_hom_2
KATNAL2	0.47636595	0.92030644	1.16557693	0.32172403	0.90732467	1.0749870538711499	0.45462954	1.39895415	KATNAL2_exp2_hom_3	exp2_hom_3
KATNAL2	0.43644181	0.83966833	1.0898273	0.25396517	0.81984788	0.90866023302078203	0.44988838	1.21871972	KATNAL2_exp2_hom_4	exp2_hom_4
KATNAL2	0.37997195	0.83191752	1.13685656	0.2787739	0.67149913	0.95726567506790095	0.42626283	1.2351476	KATNAL2_exp2_hom_5	exp2_hom_5
KATNAL2	0.52457422	0.62609565	0.93716478	0.37391144	0.76578963	1.0799976587295499	0.49008742	1.24881983	KATNAL2_exp2_hom_6	exp2_hom_6
KATNAL2	0.52943993	0.56783229	0.82346159	0.29286778	0.66361737	0.98496788740158003	0.61291677	0.96546847	KATNAL2_exp2_hom_7	exp2_hom_7
KATNAL2	0.54312873	0.64424491	1.03882813	0.349895	0.67010671	0.87219721078872603	0.6181668	1.14363825	KATNAL2_exp2_hom_8	exp2_hom_8
KATNAL2	0.61005658	0.65334332	0.83763468	0.32508123	0.80669838	0.98139953613281194	0.51754308	0.97011936	KATNAL2_exp2_hom_9	exp2_hom_9
KATNAL2	0.47190842	0.63554746	1.07470381	0.31850719	0.62380016	0.91540348529815596	0.42652619	1.2952354	KATNAL2_exp2_hom_10	exp2_hom_10
KATNAL2	0.64952511	0.64172548	0.96768618	0.48277456	0.84499806	1.3961833715438801	0.71242195	1.23641968	KATNAL2_exp2_wt_1	exp2_wt_1
KATNAL2	0.54870254	0.64052802	0.63098049	0.45443985	0.93542993	1.4372434616088801	0.49837711	0.99676126	KATNAL2_exp2_wt_2	exp2_wt_2
KATNAL2	0.39930624	0.78950518	0.81318194	0.25904322	0.980712	1.0929485559463501	0.47995606	1.03369999	KATNAL2_exp2_wt_3	exp2_wt_3
KATNAL2	0.52003306	0.66526216	0.57657129	0.17347485	0.72473347	0.66944503784179599	0.52396101	0.62597209	KATNAL2_exp2_wt_4	exp2_wt_4
KATNAL2	0.58599347	0.77895635	0.93111897	0.2498851	0.94328022	1.0418293476104701	0.54487449	1.06161237	KATNAL2_exp2_wt_5	exp2_wt_5
KATNAL2	0.52379465	0.73402697	1.20840454	0.38634863	0.69764382	1.1032367944717401	0.59478915	1.56774068	KATNAL2_exp2_wt_6	exp2_wt_6
KATNAL2	0.70325434	0.79211831	0.92953849	0.42251608	1.0101645	1.2957915067672701	0.69477475	1.18417621	KATNAL2_exp2_wt_7	exp2_wt_7
KATNAL2	0.66723341	0.69284844	1.18945837	0.56570452	0.81836849	1.21641874313354	0.58651608	1.60792601	KATNAL2_exp2_wt_8	exp2_wt_8
KATNAL2	0.57734364	0.65805376	0.94026953	0.31815603	0.68129319	0.92818033695220903	0.58538157	1.02085102	KATNAL2_exp2_wt_9	exp2_wt_9
KDM5B	1.40564811	1.21426857	2.10449576	0.43001047	0.97271246	0.81983590126037598	0.63635767	1.12937129	KDM5B_exp1_het_1	exp1_het_1
KDM5B	1.14676821	1.269171	1.65467441	0.35121673	1.11482275	0.992603719234466	0.73460132	1.36299276	KDM5B_exp1_het_2	exp1_het_2
KDM5B	1.06662321	0.82553834	1.2433815	0.40851298	0.71349365	0.76641243696212702	0.59710395	1.20272756	KDM5B_exp1_het_3	exp1_het_3
KDM5B	0.8329941	1.45589757	2.04199553	0.64087558	1.20058894	0.98861634731292702	0.6056298	1.42263734	KDM5B_exp1_het_4	exp1_het_4
KDM5B	1.1175983	0.94866115	1.61940956	0.3684561	0.91707164	0.80869680643081598	0.525024	1.0365907	KDM5B_exp1_het_5	exp1_het_5
KDM5B	0.90069836	1.51958621	2.05235434	0.43217582	1.13715398	1.0659537315368599	0.60244131	1.23056519	KDM5B_exp1_het_6	exp1_het_6
KDM5B	1.24402344	0.65538114	3.40109348	0.47850683	0.74864936	1.5337383747100799	0.19949047	1.31124794	KDM5B_exp1_hom_1	exp1_hom_1
KDM5B	0.96694875	1.52386594	1.56449187	0.29722568	0.89917117	0.48813235759735102	0.66658056	0.8960101	KDM5B_exp1_hom_2	exp1_hom_2
KDM5B	0.97788841	1.61892676	2.28412509	0.47218946	1.16510975	0.913812756538391	0.85437536	1.31133151	KDM5B_exp1_hom_3	exp1_hom_3
KDM5B	0.93793589	1.73946297	1.34174562	0.35180679	0.96757954	0.63510560989379805	0.84230471	0.94145858	KDM5B_exp1_hom_4	exp1_hom_4
KDM5B	1.37846756	1.32753682	1.88797271	0.40670523	1.56243646	1.06568956375122	0.85791707	0.93257546	KDM5B_exp1_hom_5	exp1_hom_5
KDM5B	1.0783112	1.2444396	1.8659488	0.37650368	0.97604865	0.97548109292983998	0.6123386	1.08398271	KDM5B_exp1_hom_6	exp1_hom_6
KDM5B	1.07964301	0.8470279	1.43062389	0.24771023	0.62574089	0.70440524816512995	0.4728418	0.57874334	KDM5B_exp1_hom_7	exp1_hom_7
KDM5B	1.10886431	1.21512949	1.91110575	0.34561643	1.12295616	1.0931752920150699	0.59302086	1.0878967	KDM5B_exp1_hom_8	exp1_hom_8
KDM5B	0.95171869	1.05315232	1.70405853	0.29927945	0.80615592	0.65779119729995705	0.49353814	1.10160112	KDM5B_exp1_hom_9	exp1_hom_9
KDM5B	0.90901977	0.82017553	1.60669947	0.39332619	0.59426856	0.81325566768646196	0.46334144	1.385818	KDM5B_exp1_wt_1	exp1_wt_1
KDM5B	0.84580952	1.10516155	1.69355118	0.29233372	1.02821386	0.867295622825622	0.641761	1.21633613	KDM5B_exp1_wt_2	exp1_wt_2
KDM5B	0.97551626	0.73936039	0.95404923	0.23316324	0.56263471	0.460529625415802	0.4846594	0.52328277	KDM5B_exp1_wt_3	exp1_wt_3
KDM5B	1.09331715	1.32417154	1.74326336	0.29972857	0.68505198	0.54738152027130105	0.71267223	0.97368002	KDM5B_exp1_wt_4	exp1_wt_4
KDM5B	0.98985755	1.19800436	1.5247978	0.3290095	0.74164611	0.48236846923828097	0.55265301	1.03192866	KDM5B_exp1_wt_5	exp1_wt_5
KDM5B	1.14483166	1.189466	1.48220372	0.34079587	1.21320653	0.79471278190612704	0.51209551	1.02324247	KDM5B_exp1_wt_6	exp1_wt_6
KDM5B	0.81436121	1.17859924	1.81777716	0.67500484	1.47931051	1.6623778343200599	0.82950628	1.8984344	KDM5B_exp2_het_1	exp2_het_1
KDM5B	0.798397	0.8788209	1.34916759	0.58311731	1.17723453	1.47205162048339	0.76515663	1.53984976	KDM5B_exp2_het_2	exp2_het_2
KDM5B	0.72765899	0.5658797	0.89652467	0.22828998	0.75521296	0.71228140592574996	0.67311692	0.67752707	KDM5B_exp2_het_3	exp2_het_3
KDM5B	0.78692198	0.56986272	0.84170222	0.22400932	0.79463404	0.70542097091674805	0.66105038	0.69659925	KDM5B_exp2_het_4	exp2_het_4
KDM5B	0.7343719	0.81302047	1.18323672	0.32380539	0.95826322	0.93635582923889105	0.61515397	1.18291676	KDM5B_exp2_het_5	exp2_het_5
KDM5B	0.71247351	0.85986745	1.31640506	0.47810397	0.91008842	1.1134712696075399	0.77027106	1.33720636	KDM5B_exp2_het_6	exp2_het_6
KDM5B	0.8201831	0.79762584	0.99148989	0.21640089	0.97503561	0.968802750110626	0.76664424	0.52685457	KDM5B_exp2_het_7	exp2_het_7
KDM5B	0.75555593	0.75571412	1.00833404	0.24365216	0.75040698	0.779466152191162	0.72429258	0.83942354	KDM5B_exp2_het_8	exp2_het_8
KDM5B	0.76612908	0.69080263	1.07829297	0.2916443	0.84428936	1.0054186582565301	0.68054277	0.89069557	KDM5B_exp2_het_9	exp2_het_9
KDM5B	0.67202836	0.76983285	1.4359144	0.46320954	1.02950704	1.1626071929931601	0.71464849	0.99041182	KDM5B_exp2_hom_1	exp2_hom_1
KDM5B	0.54333013	0.85967726	0.9241519	0.26896194	0.88116592	0.59234541654586703	0.61374223	0.72691864	KDM5B_exp2_hom_2	exp2_hom_2
KDM5B	0.73610133	0.90716153	0.82501221	0.18653977	1.17491138	0.62643790245056097	0.56275505	0.59439683	KDM5B_exp2_hom_3	exp2_hom_3
KDM5B	0.48652375	0.7072894	1.14896441	0.31108499	0.9452278	0.79126042127609197	0.5387603	0.95562124	KDM5B_exp2_hom_4	exp2_hom_4
KDM5B	1.0751791	0.65536839	1.11400092	0.40397394	0.66084826	0.83816856145858698	0.82509464	1.147246	KDM5B_exp2_hom_5	exp2_hom_5
KDM5B	0.823991	0.60613328	1.06679213	0.25648046	0.71067446	0.731187343597412	0.58119774	0.95966721	KDM5B_exp2_hom_6	exp2_hom_6
KDM5B	0.94792008	1.18345022	1.59075701	0.42941007	1.51318252	1.06635081768035	0.96487552	1.14450622	KDM5B_exp2_hom_7	exp2_hom_7
KDM5B	1.00132859	1.45233166	2.41080475	0.75841576	2.34404826	1.5852075815200799	0.97833663	1.31070483	KDM5B_exp2_hom_8	exp2_hom_8
KDM5B	0.62805176	0.87250286	1.5947789	0.51036078	0.86809099	1.05468761920928	0.55935735	1.50808954	KDM5B_exp2_hom_9	exp2_hom_9
KDM5B	0.5774051	0.69028771	0.94338751	0.19619229	0.75857025	0.62206578254699696	0.52015525	0.64838117	KDM5B_exp2_wt_1	exp2_wt_1
KDM5B	0.94285238	0.75789493	1.31190073	0.46028319	0.91348237	1.16575002670288	0.75772297	1.28721774	KDM5B_exp2_wt_2	exp2_wt_2
KDM5B	1.01027679	1.14334154	1.47685289	0.50731778	1.0660603	0.95969581604003895	0.80963939	1.44361734	KDM5B_exp2_wt_3	exp2_wt_3
KDM5B	0.51014525	0.71512032	1.37994587	0.36956793	0.91318125	1.0718358755111601	0.61003673	1.2524792	KDM5B_exp2_wt_4	exp2_wt_4
KDM5B	0.72854167	0.48342592	0.59724545	0.14864038	0.498059	0.39826962351799	0.60393769	0.43022612	KDM5B_exp2_wt_5	exp2_wt_5
KDM5B	0.686064	0.76096714	1.04094982	0.21235132	0.9366399	0.78997200727462702	0.71320689	0.80694014	KDM5B_exp2_wt_6	exp2_wt_6
KDM5B	0.69758964	0.71392679	1.15525925	0.27476671	0.9393934	0.80384600162506104	0.65534443	0.82452911	KDM5B_exp2_wt_7	exp2_wt_7
KDM5B	0.72397506	0.63873732	0.86601108	0.21638769	0.79790425	0.84887510538101196	0.57255024	0.78689224	KDM5B_exp2_wt_8	exp2_wt_8
KDM5B	0.81632644	0.49656114	0.91013175	0.2829448	0.66983104	0.877322018146514	0.60612595	0.87069231	KDM5B_exp2_wt_9	exp2_wt_9
KDM5B	0.55672902	0.36100265	0.44679835	0.16636766	0.44955212	0.39867806434631298	0.37574971	0.44995812	KDM5B_exp3_het_1	exp3_het_1
KDM5B	0.47513106	0.42135254	0.5200811	0.13708599	0.43633941	0.40097203850746099	0.33402675	0.52038884	KDM5B_exp3_het_2	exp3_het_2
KDM5B	0.54471701	0.49141002	0.75066066	0.24082524	0.60478115	0.65111511945724398	0.54398137	0.72956818	KDM5B_exp3_het_3	exp3_het_3
KDM5B	0.55650729	0.48535082	0.63562423	0.14790228	0.49412611	0.41095289587974498	0.48401374	0.62224966	KDM5B_exp3_het_4	exp3_het_4
KDM5B	0.50650716	0.44343182	0.77453876	0.17435712	0.45934439	0.486686050891876	0.42132145	0.79511869	KDM5B_exp3_het_5	exp3_het_5
KDM5B	0.87969875	0.72475505	1.09352863	0.44961092	0.91630697	1.04482114315032	0.66209942	1.12088537	KDM5B_exp3_het_6	exp3_het_6
KDM5B	0.54032809	0.35338196	0.71109444	0.24545811	0.40669993	0.56335842609405495	0.38138163	0.87623125	KDM5B_exp3_het_7	exp3_het_7
KDM5B	0.50083578	0.47766209	0.76034063	0.24051234	0.45614296	0.63469499349594105	0.38873449	0.88348883	KDM5B_exp3_het_8	exp3_het_8
KDM5B	0.50111663	0.4367646	0.67896807	0.16808508	0.448475	0.45471301674842801	0.40505037	0.70847142	KDM5B_exp3_hom_1	exp3_hom_1
KDM5B	0.73481715	0.54063284	1.03069532	0.31040621	0.52762586	0.69460076093673695	0.58212048	1.01359057	KDM5B_exp3_hom_2	exp3_hom_2
KDM5B	0.75477266	0.63339883	0.92585033	0.25982469	0.69470376	0.74761074781417802	0.65047991	0.95294768	KDM5B_exp3_hom_3	exp3_hom_3
KDM5B	0.74998677	0.51034671	0.92574412	0.29917082	0.58946288	0.68209606409072798	0.56083852	0.9553647	KDM5B_exp3_hom_4	exp3_hom_4
KDM5B	0.59280711	0.51705724	0.91804391	0.25682274	0.50812405	0.54236811399459794	0.47555104	0.93481368	KDM5B_exp3_hom_5	exp3_hom_5
KDM5B	0.671269	0.59259558	0.80008948	0.23764625	0.65296179	0.75823783874511697	0.51119798	0.83548623	KDM5B_exp3_hom_6	exp3_hom_6
KDM5B	0.75469804	0.5764479	0.8499096	0.23267923	0.63970959	0.63474470376968295	0.74090195	0.80139685	KDM5B_exp3_hom_7	exp3_hom_7
KDM5B	0.58261734	0.52006328	0.60522455	0.15117799	0.63996524	0.51961827278137196	0.51206994	0.58036935	KDM5B_exp3_hom_8	exp3_hom_8
KDM5B	0.39034456	0.42460832	0.58472502	0.16101941	0.41848648	0.38342669606208801	0.31998175	0.70952278	KDM5B_exp3_hom_9	exp3_hom_9
KDM5B	0.66827136	0.43519107	0.56692588	0.18538235	0.58971602	0.57912802696228005	0.51254165	0.5818162	KDM5B_exp3_hom_10	exp3_hom_10
KDM5B	0.41817275	0.45318431	0.54887116	0.11233795	0.48612192	0.41546404361724798	0.36534521	0.514925	KDM5B_exp3_hom_11	exp3_hom_11
KDM5B	0.47051808	0.48513427	0.51119024	0.13577098	0.48949465	0.45947745442390397	0.36104342	0.49160206	KDM5B_exp3_hom_12	exp3_hom_12
KDM5B	0.73168421	0.37371191	0.62533182	0.32638887	0.56124574	0.64486497640609697	0.43313265	0.68773186	KDM5B_exp3_wt_1	exp3_wt_1
KDM5B	0.60324758	0.50940698	0.70159984	0.21359253	0.55715901	0.45849722623825001	0.46833724	0.62435526	KDM5B_exp3_wt_2	exp3_wt_2
KDM5B	0.74948567	0.59168166	1.060727	0.31639332	0.68618047	0.80169242620468095	0.64618796	0.94972962	KDM5B_exp3_wt_3	exp3_wt_3
KDM5B	0.64325058	0.61083573	0.78699136	0.26359466	0.70289004	0.66121196746826105	0.50966531	0.80648416	KDM5B_exp3_wt_4	exp3_wt_4
KDM5B	0.57908469	0.43062368	0.6648733	0.25952592	0.47732931	0.61768442392349199	0.50687206	0.75495768	KDM5B_exp3_wt_5	exp3_wt_5
KDM5B	0.74172461	0.44009	0.77399695	0.43240196	0.63108939	0.72941678762435902	0.44588783	0.92958039	KDM5B_exp3_wt_6	exp3_wt_6
KDM5B	0.52409679	0.52425551	0.76032448	0.3073324	0.51162505	0.67631214857101396	0.526586	0.93861145	KDM5B_exp3_wt_7	exp3_wt_7
KDM5B	0.6906721	0.62356991	0.99105728	0.32844889	0.57262564	0.63579386472702004	0.59457868	0.98700345	KDM5B_exp3_wt_8	exp3_wt_8
KDM5B	0.65935969	0.49941432	0.90666842	0.37727302	0.63081807	0.82273638248443604	0.56492883	1.024014	KDM5B_exp3_wt_9	exp3_wt_9
KDM5B	0.64989477	0.55246323	0.6744926	0.26906568	0.67051178	0.79155504703521695	0.45942217	0.85593379	KDM5B_exp3_wt_10	exp3_wt_10
KDM5B	0.51165599	0.53342319	0.79504615	0.18428074	0.59018618	0.60854053497314398	0.41465694	0.78013653	KDM5B_exp3_wt_11	exp3_wt_11
KDM5B	0.64108253	0.51702499	0.62183499	0.18521824	0.69377488	0.50385701656341497	0.53116077	0.56020129	KDM5B_exp3_wt_12	exp3_wt_12
KDM5B	0.45383582	0.44117662	0.4205651	0.10915636	0.53936511	0.42217564582824701	0.3649995	0.38130549	KDM5B_exp3_wt_13	exp3_wt_13
KDM5B	0.43586025	0.39960489	0.60713273	0.2443023	0.39982757	0.40602847933769198	0.36752722	0.66387999	KDM5B_exp3_wt_14	exp3_wt_14
KDM5B	0.59325963	0.42286974	0.72279364	0.26753181	0.48308983	0.509909987449646	0.50280648	0.7744537	KDM5B_exp3_wt_15	exp3_wt_15
POGZ	0.51589608	0.41688678	0.55538642	0.18179761	0.57280844	0.73681247234344405	0.53602922	0.77496469	POGZ_exp1_het_1	exp1_het_1
POGZ	0.64613265	0.74891001	1.01588142	0.32876906	0.97556919	0.88376212120056097	0.77291775	1.09223759	POGZ_exp1_het_2	exp1_het_2
POGZ	0.51401633	0.65301257	0.93632025	0.36682349	0.8650319	0.822027087211608	0.56807011	1.20598423	POGZ_exp1_het_3	exp1_het_3
POGZ	0.5305689	0.41478771	0.66930115	0.24355577	0.66267437	0.59068119525909402	0.45014718	0.87247968	POGZ_exp1_het_4	exp1_het_4
POGZ	0.66919315	0.35059586	0.49971879	0.20457473	0.54349363	0.64947140216827304	0.4919827	0.53313637	POGZ_exp1_het_5	exp1_het_5
POGZ	0.50722969	0.61659092	0.8059538	0.27974132	0.92496538	0.74048382043838501	0.57340646	0.99303472	POGZ_exp1_het_6	exp1_het_6
POGZ	0.49573222	0.45651117	0.78093821	0.32811561	0.63286942	0.80846989154815596	0.44657788	0.87589937	POGZ_exp1_het_7	exp1_het_7
POGZ	0.81661522	0.46449474	0.85490209	0.31496885	0.6539771	0.69805586338043202	0.59105766	1.01408863	POGZ_exp1_hom_1	exp1_hom_1
POGZ	0.75547171	0.41283506	0.68459368	0.25091845	0.70715368	0.76453709602355902	0.5702225	0.81067383	POGZ_exp1_hom_2	exp1_hom_2
POGZ	0.6216315	0.57717121	0.91955924	0.33279333	0.78678846	0.78661346435546797	0.50069857	1.06209803	POGZ_exp1_hom_3	exp1_hom_3
POGZ	0.61618215	0.43695173	0.70018709	0.20586351	0.52520782	0.65379053354263295	0.67731333	0.85906821	POGZ_exp1_hom_4	exp1_hom_4
POGZ	0.67066598	0.72372907	1.04917169	0.40403497	0.80739367	0.86978036165237405	0.77978152	1.27463603	POGZ_exp1_hom_5	exp1_hom_5
POGZ	1.08122778	0.63805699	0.94785416	0.39254332	0.90545493	0.76144212484359697	0.55869174	1.08354592	POGZ_exp1_hom_6	exp1_hom_6
POGZ	0.90125412	0.53526074	0.84977996	0.34427485	0.71135175	0.74100458621978704	0.61459863	1.01392221	POGZ_exp1_hom_7	exp1_hom_7
POGZ	0.56204581	0.68438154	0.79617012	0.23427415	0.80104196	0.71749120950698797	0.58745617	0.85907108	POGZ_exp1_wt_1	exp1_wt_1
POGZ	0.92785424	0.49441779	0.81965178	0.40753707	0.64475411	0.85891717672348	0.63623708	1.01458859	POGZ_exp1_wt_2	exp1_wt_2
POGZ	0.60468256	0.63511407	0.69038355	0.23996218	1.07455051	0.86710500717162997	0.51023912	0.90730357	POGZ_exp1_wt_3	exp1_wt_3
POGZ	0.8539086	0.60507762	0.99997753	0.34704095	0.73317373	0.81073713302612305	0.68643093	1.09507227	POGZ_exp1_wt_4	exp1_wt_4
POGZ	0.56010348	0.46573561	0.77799416	0.33259222	0.66278946	0.77306813001632602	0.47094113	0.93992722	POGZ_exp1_wt_5	exp1_wt_5
POGZ	0.56049097	0.62758386	0.8063671	0.314015	0.69334471	0.73579984903335505	0.60980093	0.93851906	POGZ_exp1_wt_6	exp1_wt_6
POGZ	2.217592	1.38440502	1.87642324	0.87118202	1.20932889	1.1327265501022299	1.61071372	2.10096359	POGZ_exp2_het_1	exp2_het_1
POGZ	1.80190909	1.17896283	1.5075562	0.62307048	1.34337759	1.17575395107269	1.28921711	1.52435482	POGZ_exp2_het_2	exp2_het_2
POGZ	0.87553245	0.47041216	0.52518064	0.16620718	0.49157766	0.37774747610092102	0.65826797	0.65154111	POGZ_exp2_het_3	exp2_het_3
POGZ	1.25305188	0.51005012	0.50501341	0.17138144	0.46742189	0.23588329553604101	0.6136241	0.37125525	POGZ_exp2_het_4	exp2_het_4
POGZ	1.79866648	0.89882523	1.30879951	0.40638739	1.00350881	0.90096879005432096	1.38657391	1.11677992	POGZ_exp2_het_5	exp2_het_5
POGZ	1.5426383	1.05643249	1.36471283	0.69027865	1.15193582	1.3117874860763501	1.11600816	1.53947258	POGZ_exp2_het_6	exp2_het_6
POGZ	1.58823168	1.01396656	1.23882473	0.45782566	1.18984294	1.1128568649291899	1.24675977	1.03941858	POGZ_exp2_het_7	exp2_het_7
POGZ	1.95291734	1.13356197	1.6417197	0.80308259	1.26916659	1.41313529014587	1.56483161	1.96646678	POGZ_exp2_het_8	exp2_het_8
POGZ	2.09518719	1.48863804	2.1773138	0.61334252	1.40433788	1.1940226554870601	1.54390132	1.68519378	POGZ_exp2_hom_1	exp2_hom_1
POGZ	1.79661286	1.22581756	1.56602919	0.62647206	1.28064883	1.33629834651947	1.3975594	1.77722585	POGZ_exp2_hom_2	exp2_hom_2
POGZ	1.80511832	1.19394505	1.5513972	0.47967353	1.07657909	1.11358749866485	1.17687559	1.66757941	POGZ_exp2_hom_3	exp2_hom_3
POGZ	2.36730218	1.34061956	2.074224	0.89138967	1.25080299	1.2492593526840201	1.60806847	2.08240128	POGZ_exp2_hom_4	exp2_hom_4
POGZ	2.50301361	1.41928864	2.18410373	1.30094981	1.51574004	2.14500427246093	1.5535568	2.66310287	POGZ_exp2_hom_5	exp2_hom_5
POGZ	2.33502746	1.22208893	1.95478272	1.22646141	1.27491724	1.84606325626373	1.41084981	2.38241005	POGZ_exp2_hom_6	exp2_hom_6
POGZ	2.5852263	1.42046642	2.27456307	0.87736815	1.65490079	1.67341697216033	1.77479959	2.32057738	POGZ_exp2_hom_7	exp2_hom_7
POGZ	2.07828903	1.03616679	1.45465684	0.4903926	1.2246114	0.98950654268264704	1.46167839	1.23549688	POGZ_exp2_hom_8	exp2_hom_8
POGZ	1.6463002	1.0205543	1.28697002	0.54698718	1.15310693	1.0519973039627	1.04296875	1.52990162	POGZ_exp2_wt_1	exp2_wt_1
POGZ	1.51837754	0.92768246	1.1630826	0.65082341	0.96768475	1.30143737792968	0.96089906	1.36155224	POGZ_exp2_wt_2	exp2_wt_2
POGZ	0.68558198	0.45210382	0.62995017	0.13571228	0.41764802	0.439889997243881	0.53108358	0.54841495	POGZ_exp2_wt_3	exp2_wt_3
POGZ	1.75001299	1.04658806	1.31713295	0.41837141	1.04256535	0.81261014938354403	1.21211493	1.00389373	POGZ_exp2_wt_4	exp2_wt_4
POGZ	2.14180946	1.06001163	1.6992389	0.68838429	1.10552311	0.96952843666076605	1.37509179	1.76707935	POGZ_exp2_wt_5	exp2_wt_5
POGZ	1.50651836	1.0233041	1.43265033	0.58411705	0.83814156	1.2258052825927701	1.04373312	1.43057644	POGZ_exp2_wt_6	exp2_wt_6
POGZ	0.54558772	0.46953717	0.54736596	0.16327892	0.57291281	0.380999445915222	0.43438753	0.47826231	POGZ_exp3_het_1	exp3_het_1
POGZ	0.60850602	0.53238374	0.65833026	0.22069161	0.59815073	0.45009803771972601	0.57796931	0.57085592	POGZ_exp3_het_2	exp3_het_2
POGZ	0.78542852	0.58979905	0.98520786	0.45459387	0.63717592	0.71228688955306996	0.6448133	0.96687609	POGZ_exp3_het_3	exp3_het_3
POGZ	0.66398579	0.53939694	0.55573583	0.22376376	0.62758547	0.49323514103889399	0.48687142	0.52202994	POGZ_exp3_het_4	exp3_het_4
POGZ	0.51472682	0.77412158	0.8808046	0.68823969	0.85400391	0.85188090801239003	0.61244953	0.86109304	POGZ_exp3_het_5	exp3_het_5
POGZ	0.63500959	0.53789324	0.71199316	0.24461113	0.66054219	0.60436356067657404	0.52754349	0.65853828	POGZ_exp3_het_6	exp3_het_6
POGZ	0.64352506	0.43563798	0.49136817	0.14964069	0.63970113	0.50565505027770996	0.49116498	0.46153575	POGZ_exp3_het_7	exp3_het_7
POGZ	0.7954514	0.61852956	0.73019546	0.2510516	0.74518186	0.48399019241333002	0.71293837	0.70191985	POGZ_exp3_het_8	exp3_het_8
POGZ	0.66238034	0.44717842	0.56087434	0.20420144	0.49860734	0.50523114204406705	0.49428615	0.5129106	POGZ_exp3_het_9	exp3_het_9
POGZ	0.7650665	0.52124608	0.45072374	0.15306656	0.59256184	0.33523938059806802	0.51504242	0.40265965	POGZ_exp3_het_10	exp3_het_10
POGZ	0.44911829	0.42438591	0.75886071	0.30167216	0.50666708	0.54837071895599299	0.4386721	0.80613792	POGZ_exp3_het_11	exp3_het_11
POGZ	0.41679847	0.79282773	0.81292814	0.31173605	0.86771357	0.69282168149948098	0.46681482	0.72242671	POGZ_exp3_hom_1	exp3_hom_1
POGZ	0.87303042	0.49910894	0.79469389	0.30785462	0.5351935	0.65310269594192505	0.62256193	0.76168907	POGZ_exp3_hom_2	exp3_hom_2
POGZ	0.45611379	0.3936795	0.52448326	0.28032643	0.52196664	0.56127566099166804	0.38290539	0.50794995	POGZ_exp3_hom_3	exp3_hom_3
POGZ	0.40477115	0.62308753	0.78106946	0.2586534	0.68982857	0.65332567691802901	0.47327325	0.64365131	POGZ_exp3_hom_4	exp3_hom_4
POGZ	0.51130867	0.42443177	0.7260505	0.21668591	0.42591116	0.40134733915328902	0.43008465	0.63330948	POGZ_exp3_hom_5	exp3_hom_5
POGZ	0.6647892	0.60515153	0.7000345	0.13488096	0.63758194	0.33171880245208701	0.70157409	0.43580976	POGZ_exp3_hom_6	exp3_hom_6
POGZ	0.69645381	0.41099936	0.52813673	0.21969812	0.69065201	0.58402657508850098	0.5326581	0.5466668	POGZ_exp3_hom_7	exp3_hom_7
POGZ	0.58854878	0.49464974	0.57272762	0.20317827	0.54796034	0.48094791173934898	0.45998371	0.5074873	POGZ_exp3_hom_8	exp3_hom_8
POGZ	0.65617526	0.5435462	0.69404835	0.21409985	0.7231794	0.54386520385742099	0.66638571	0.6414519	POGZ_exp3_wt_1	exp3_wt_1
POGZ	0.71647274	0.54132342	0.84831184	0.46726376	0.73468751	0.68175208568572998	0.62002623	0.81205499	POGZ_exp3_wt_2	exp3_wt_2
POGZ	0.42543539	0.41895926	0.62715924	0.17778605	0.49149209	0.40217691659927302	0.43541545	0.54927564	POGZ_exp3_wt_3	exp3_wt_3
POGZ	0.56227767	0.4985435	0.59973341	0.172408	0.51891619	0.40014821290969799	0.49208137	0.47478977	POGZ_exp3_wt_4	exp3_wt_4
POGZ	0.65704077	0.55374604	0.72150415	0.22751826	0.6064899	0.446096241474151	0.56819153	0.6296854	POGZ_exp3_wt_5	exp3_wt_5
POGZ	0.43893602	0.43790174	0.62706226	0.26549584	0.64068037	0.51119488477706898	0.48176092	0.57495493	POGZ_exp3_wt_6	exp3_wt_6
POGZ	0.3727068	0.59783357	0.61797869	0.23907964	0.67605257	0.71294993162155096	0.40665069	0.5958246	POGZ_exp3_wt_7	exp3_wt_7
POGZ	0.70801157	0.63374549	0.91606075	0.4779579	1.05108941	0.94293397665023804	0.72184455	0.96484053	POGZ_exp3_wt_8	exp3_wt_8
POGZ	0.57231522	0.51189178	0.83438087	0.20394075	0.56034899	0.47986951470375	0.47839665	0.68087143	POGZ_exp3_wt_9	exp3_wt_9
SCN1A	0.75968564	0.43596444	0.83261347	0.19084109	0.75349855	0.73418760299682595	0.57922792	0.96882188	SCN1A_exp1_het_1	exp1_het_1
SCN1A	0.58818257	0.5858438	0.69793582	0.11714107	0.850595	0.90954118967056197	0.53093666	0.60417771	SCN1A_exp1_het_2	exp1_het_2
SCN1A	0.6134457	0.5720886	1.08161879	0.23251842	0.86071938	0.98364794254302901	0.43528253	1.21322358	SCN1A_exp1_het_3	exp1_het_3
SCN1A	0.93577278	0.51492441	0.87265444	0.25669536	0.69748312	0.81896346807479803	0.52477396	0.94911587	SCN1A_exp1_het_4	exp1_het_4
SCN1A	0.83653194	0.50043809	0.79099607	0.18572085	0.73398358	0.75735366344451904	0.70191872	0.91355538	SCN1A_exp1_het_5	exp1_het_5
SCN1A	0.91998464	0.71502292	1.14590621	0.28466511	0.89362973	1.0118495225906301	0.53768593	1.18733406	SCN1A_exp1_het_6	exp1_het_6
SCN1A	0.09599807	0.78118628	1.15254378	0.14112468	0.97567362	1.1600761413574201	0.23973504	1.07044101	SCN1A_exp1_hom_1	exp1_hom_1
SCN1A	0.05616982	0.36709461	0.33158359	0.05015861	0.47903994	0.54116088151931696	0.11817397	0.2980983	SCN1A_exp1_hom_2	exp1_hom_2
SCN1A	0.06915393	0.4968178	0.6139136	0.08026329	0.59884632	0.690965116024017	0.16872075	0.82602507	SCN1A_exp1_hom_3	exp1_hom_3
SCN1A	0.11579021	0.53330666	0.83680975	0.13489117	0.64973092	0.78408712148666304	0.23470452	0.98459208	SCN1A_exp1_hom_4	exp1_hom_4
SCN1A	0.05720199	0.39253283	0.34040508	0.05156406	0.53375047	0.57311964035034102	0.11608414	0.30592093	SCN1A_exp1_hom_5	exp1_hom_5
SCN1A	0.08273011	0.54137892	0.70680159	0.08659182	1.01648188	1.0448844432830799	0.2050077	0.83135837	SCN1A_exp1_hom_6	exp1_hom_6
SCN1A	0.06150389	0.35610205	0.44088903	0.03927896	0.52705288	0.51183879375457697	0.20026323	0.45691153	SCN1A_exp1_hom_7	exp1_hom_7
SCN1A	0.07425378	0.54235834	0.58675867	0.06163054	0.92120337	0.87731713056564298	0.22916745	0.51772583	SCN1A_exp1_hom_8	exp1_hom_8
SCN1A	0.09853005	0.52829689	0.78671014	0.09235164	0.66603589	0.73424696922302202	0.2146863	0.78976774	SCN1A_exp1_hom_9	exp1_hom_9
SCN1A	0.09005146	0.54639494	0.71202445	0.08583714	0.72946173	0.66307073831558205	0.20553456	0.82120758	SCN1A_exp1_hom_10	exp1_hom_10
SCN1A	0.86481619	0.75952464	1.39905787	0.25092426	0.85427773	0.91427189111709595	0.73435926	1.33383596	SCN1A_exp1_wt_1	exp1_wt_1
SCN1A	1.02132773	0.66827512	1.29009235	0.36316031	0.85318089	0.98232114315032903	0.73103732	1.43155456	SCN1A_exp1_wt_2	exp1_wt_2
SCN1A	0.86197877	0.66883093	1.22690928	0.30139333	0.863015	0.97135990858078003	0.64910907	1.2562747	SCN1A_exp1_wt_3	exp1_wt_3
SCN1A	0.92180377	0.73063201	1.08580148	0.2784628	0.85515141	0.73108357191085804	0.63328463	1.26454651	SCN1A_exp1_wt_4	exp1_wt_4
SCN1A	0.78196663	0.63153577	0.97061282	0.19015156	0.73680115	0.61350637674331598	0.70780098	0.86958301	SCN1A_exp1_wt_5	exp1_wt_5
SCN1A	0.68633676	0.58055753	0.91097504	0.16489796	0.77382308	0.69898861646652199	0.49984398	0.98333591	SCN1A_exp1_wt_6	exp1_wt_6
SCN1A	0.65656286	0.49471354	0.7987017	0.1707119	0.70483446	0.81217384338378895	0.51379746	0.93887001	SCN1A_exp1_wt_7	exp1_wt_7
SCN1A	0.9506585	0.78900653	1.2920469	0.26480857	0.94465822	1.01295638084411	0.660357	1.19248998	SCN1A_exp1_wt_8	exp1_wt_8
SCN1A	1.09405851	0.77788967	1.32960558	0.33840516	0.92327273	1.0158376693725499	0.75649512	1.39412069	SCN1A_exp1_wt_9	exp1_wt_9
SCN1A	0.99164641	0.70497966	1.34537566	0.32424301	0.86092573	0.99788135290145796	0.79344815	1.50103772	SCN1A_exp1_wt_10	exp1_wt_10
SCN1A	0.90621978	0.51415038	0.66984642	0.13989882	0.64734495	0.52576369047164895	0.51951158	0.58173054	SCN1A_exp2_het_1	exp2_het_1
SCN1A	0.73964548	0.44431028	0.85188359	0.32336807	0.60949653	0.73274260759353604	0.47441894	1.22430003	SCN1A_exp2_het_2	exp2_het_2
SCN1A	0.77096373	0.53689289	0.75384772	0.21228169	0.77534044	0.82390123605728105	0.51400131	0.75200891	SCN1A_exp2_het_3	exp2_het_3
SCN1A	0.84537876	0.47254571	0.55004525	0.141964	0.58307517	0.45425766706466603	0.48554656	0.57205933	SCN1A_exp2_het_4	exp2_het_4
SCN1A	0.72771418	0.41458237	0.47168791	0.13291994	0.55370164	0.52711105346679599	0.41083679	0.51342356	SCN1A_exp2_het_5	exp2_het_5
SCN1A	0.70011127	0.46768102	0.70964402	0.18041001	0.67111826	0.70631301403045599	0.43086025	0.72444993	SCN1A_exp2_het_6	exp2_het_6
SCN1A	0.5809623	0.35925078	0.52612692	0.144774	0.55235833	0.54442983865737904	0.39836091	0.57311481	SCN1A_exp2_het_7	exp2_het_7
SCN1A	0.72962314	0.39943081	0.54107994	0.16285366	0.50696647	0.34828174114227201	0.38876534	0.52962512	SCN1A_exp2_het_8	exp2_het_8
SCN1A	0.61293739	0.53302962	0.48172733	0.09820315	0.53648508	0.42845693230628901	0.42569891	0.45354137	SCN1A_exp2_het_9	exp2_het_9
SCN1A	0.66361022	0.4980281	0.58936518	0.16889893	0.62231487	0.61485189199447599	0.44145694	0.63038874	SCN1A_exp2_het_10	exp2_het_10
SCN1A	0.79146343	0.48896551	0.6982739	0.2028888	0.59898829	0.72952783107757502	0.44668835	0.82792038	SCN1A_exp2_het_11	exp2_het_11
SCN1A	0.76723832	0.48773444	0.59561116	0.13739945	0.70504493	0.651908218860626	0.46560794	0.53160876	SCN1A_exp2_het_12	exp2_het_12
SCN1A	0.81570458	0.81349933	0.54294229	0.13129756	0.8169775	0.52061027288436801	0.50376475	0.48561692	SCN1A_exp2_het_13	exp2_het_13
SCN1A	0.04632273	0.27244613	0.26356238	0.03018158	0.2884258	0.283472329378128	0.13184763	0.30213952	SCN1A_exp2_hom_1	exp2_hom_1
SCN1A	0.07620843	0.31894931	0.39224875	0.05960542	0.38051066	0.38947260379791199	0.14209141	0.4295578	SCN1A_exp2_hom_2	exp2_hom_2
SCN1A	0.09156676	0.4137812	0.48327777	0.07063484	0.4830662	0.55224460363387995	0.16535243	0.47167432	SCN1A_exp2_hom_3	exp2_hom_3
SCN1A	0.08194178	0.33469757	0.5060727	0.09668923	0.29664218	0.33235785365104598	0.13088764	0.50011283	SCN1A_exp2_hom_4	exp2_hom_4
SCN1A	0.05669212	0.29419243	0.30052662	0.02717472	0.31705993	0.33026555180549599	0.11205495	0.27921778	SCN1A_exp2_hom_5	exp2_hom_5
SCN1A	0.04392747	0.29128176	0.24059716	0.01488307	0.37392759	0.15277910232543901	0.1680332	0.14046539	SCN1A_exp2_hom_6	exp2_hom_6
SCN1A	0.04562399	0.25752014	0.21361382	0.01859424	0.32708791	0.18112915754318201	0.1099396	0.1352901	SCN1A_exp2_hom_7	exp2_hom_7
SCN1A	0.06046955	0.25371036	0.29384249	0.03834276	0.29296502	0.30494335293769798	0.11915075	0.31500864	SCN1A_exp2_hom_8	exp2_hom_8
SCN1A	0.07745956	0.40457785	0.40427208	0.06520738	0.40575594	0.47168332338333102	0.15472817	0.37450033	SCN1A_exp2_hom_9	exp2_hom_9
SCN1A	0.05501851	0.30997053	0.27337191	0.03116376	0.45244446	0.43174132704734802	0.11910313	0.24425189	SCN1A_exp2_hom_10	exp2_hom_10
SCN1A	0.0452066	0.32325819	0.24403623	0.02714104	0.37702471	0.36475703120231601	0.12910745	0.25482276	SCN1A_exp2_hom_11	exp2_hom_11
SCN1A	0.0535924	0.28222671	0.35025457	0.05033537	0.28399226	0.31731903553009	0.12035155	0.40837315	SCN1A_exp2_hom_12	exp2_hom_12
SCN1A	0.0422212	0.2655572	0.23874162	0.02746351	0.30850077	0.239534690976142	0.08864453	0.18744169	SCN1A_exp2_hom_13	exp2_hom_13
SCN1A	0.85599691	0.58087897	0.7761972	0.34135592	0.66030657	0.59822130203247004	0.59224457	0.87927371	SCN1A_exp2_wt_1	exp2_wt_1
SCN1A	0.78211212	0.5034315	0.61992341	0.19827496	0.62581235	0.61885178089141801	0.48024994	0.72423434	SCN1A_exp2_wt_2	exp2_wt_2
SCN1A	0.78129709	0.51317239	0.62135327	0.26531556	0.54528165	0.62325137853622403	0.55153102	0.75997674	SCN1A_exp2_wt_3	exp2_wt_3
SCN1A	1.02089417	0.59046799	0.82827532	0.24479833	0.71056402	0.47646090388298001	0.64378417	0.8352558	SCN1A_exp2_wt_4	exp2_wt_4
SCN1A	0.79505789	0.72402561	0.66383934	0.20696265	1.14953971	0.55845421552658003	0.62986666	0.72585011	SCN1A_exp2_wt_5	exp2_wt_5
SCN1A	0.54245895	0.35274723	0.48752397	0.17100547	0.39755687	0.41957256197929299	0.39355391	0.59619856	SCN1A_exp2_wt_6	exp2_wt_6
SCN1A	0.77818513	0.47846425	0.73105812	0.22141811	0.45987365	0.37395232915878202	0.47236133	0.86471742	SCN1A_exp2_wt_7	exp2_wt_7
SCN1A	0.60896987	0.42261359	0.80455601	0.33163378	0.44897109	0.59104961156845004	0.3957054	1.04596019	SCN1A_exp2_wt_8	exp2_wt_8
SCN1A	0.69074786	0.47643909	0.55309206	0.16837861	0.58979869	0.61239373683929399	0.46484083	0.64160329	SCN1A_exp2_wt_9	exp2_wt_9
SCN1A	0.6448065	0.49923196	0.54392606	0.19614092	0.56488031	0.616602063179016	0.4894349	0.61288565	SCN1A_exp2_wt_10	exp2_wt_10
SCN1A	0.75821131	0.54220134	0.6909076	0.16202991	0.55552632	0.586545169353485	0.49751821	0.70430619	SCN1A_exp2_wt_11	exp2_wt_11
TBR1	0.6061855	0.52151918	1.08450186	0.25067824	0.47844079	0.81674736738204901	0.30803707	1.21142137	TBR1_exp1_het_1	exp1_het_1
TBR1	0.68971938	0.7350269	1.94381523	0.65278012	1.04436362	1.6556802988052299	0.39105999	2.64268613	TBR1_exp1_het_2	exp1_het_2
TBR1	0.62831193	0.61865902	1.66936111	0.50729477	0.6360451	1.4417705535888601	0.38177669	2.55033684	TBR1_exp1_het_3	exp1_het_3
TBR1	0.79425478	0.75562274	1.93713832	0.5059427	0.59488839	1.3696361780166599	0.36973229	2.48050237	TBR1_exp1_het_4	exp1_het_4
TBR1	0.59785938	0.58284748	1.30202854	0.23992242	0.63037395	1.0073039531707699	0.36214906	1.44562995	TBR1_exp1_het_5	exp1_het_5
TBR1	0.687814	0.90658516	1.21178317	0.31274584	0.67475486	1.05381619930267	0.92999911	1.37941921	TBR1_exp1_het_6	exp1_het_6
TBR1	0.49980685	0.60141891	1.24530768	0.27554435	0.55367035	1.0251888036727901	0.333	1.63199806	TBR1_exp1_het_7	exp1_het_7
TBR1	0.55677927	0.48702374	1.68126881	0.46312267	0.5107826	1.28952240943908	0.40277258	2.28359628	TBR1_exp1_het_8	exp1_het_8
TBR1	0.62685895	0.52013475	1.3703469	0.21878801	0.48169437	0.75023525953292802	0.38730153	1.25120282	TBR1_exp1_het_9	exp1_het_9
TBR1	0.48586026	0.482905	1.34277141	0.29748949	0.48403591	0.95311135053634599	0.34774733	1.72677267	TBR1_exp1_het_10	exp1_het_10
TBR1	0.54954171	0.46003243	1.48220789	0.39095527	0.53459209	1.1078907251357999	0.37106401	2.10579228	TBR1_exp1_het_11	exp1_het_11
TBR1	0.42478856	0.41970226	0.99413157	0.28580552	0.6559158	1.0086725950241	0.36543006	1.29080713	TBR1_exp1_hom_1	exp1_hom_1
TBR1	0.79145783	0.65692091	1.35548031	0.33160952	0.51456833	0.88411462306976296	0.32147035	1.94503546	TBR1_exp1_hom_2	exp1_hom_2
TBR1	0.60425878	0.43894321	1.08003604	0.25014362	0.59107822	0.98865985870361295	0.23647024	1.37789941	TBR1_exp1_hom_3	exp1_hom_3
TBR1	0.39162329	0.37716627	0.62012553	0.19220294	0.61564761	1.2237069606780999	0.26077798	0.89653569	TBR1_exp1_hom_4	exp1_hom_4
TBR1	0.74614978	0.61221188	1.94088113	0.81677538	0.89002657	1.4724311828613199	0.46354502	2.17183232	TBR1_exp1_hom_5	exp1_hom_5
TBR1	0.30326086	0.62052101	1.03108501	0.18500522	0.42708328	0.741563320159912	0.4357208	1.33350587	TBR1_exp1_hom_6	exp1_hom_6
TBR1	0.54039752	0.46408105	1.40066671	0.48921174	0.74077177	1.5384646654128999	0.36475953	1.91114628	TBR1_exp1_hom_7	exp1_hom_7
TBR1	0.60913265	0.56257248	1.71368933	0.4302249	0.5865373	1.3090070486068699	0.33398753	1.9796617	TBR1_exp1_hom_8	exp1_hom_8
TBR1	0.24525274	0.5850175	0.66425854	0.07031634	0.59467274	0.56615781784057595	0.25327811	0.71137589	TBR1_exp1_hom_9	exp1_hom_9
TBR1	0.55728066	0.49081492	1.3035121	0.35548231	0.61478108	1.25361144542694	0.31199363	1.70404863	TBR1_exp1_hom_10	exp1_hom_10
TBR1	0.71996254	0.66570574	1.74239063	0.40259302	0.65296519	1.36395919322967	0.48730949	2.1273365	TBR1_exp1_wt_1	exp1_wt_1
TBR1	0.63788748	0.49141175	1.40349913	0.3366161	0.54251701	1.01900398731231	0.37370992	1.95007801	TBR1_exp1_wt_2	exp1_wt_2
TBR1	0.33656126	0.69579512	1.11202681	0.26110393	0.69644529	0.94235885143279996	0.48036307	1.59112442	TBR1_exp1_wt_3	exp1_wt_3
TBR1	0.42870033	0.32897115	0.67075109	0.18694921	0.33605483	0.434430330991745	0.2315688	0.95680553	TBR1_exp1_wt_4	exp1_wt_4
TBR1	0.28069177	0.61399823	1.026263	0.13345626	0.46406043	0.70077002048492398	0.35721415	1.19461656	TBR1_exp1_wt_5	exp1_wt_5
TBR1	0.66057223	0.69283801	1.45413125	0.31582707	0.68023688	0.92521452903747503	0.45443895	1.40358603	TBR1_exp1_wt_6	exp1_wt_6
TBR1	0.53819823	0.49310747	1.54895139	0.46231321	0.64340317	1.28082942962646	0.32084697	1.97010422	TBR1_exp1_wt_7	exp1_wt_7
TBR1	0.57220405	0.49892682	1.56813025	0.38672125	0.49655491	1.11774122714996	0.33967018	2.21072197	TBR1_exp1_wt_8	exp1_wt_8
TBR1	0.6877299	0.69919056	2.16270518	0.33936402	0.71221942	1.4368379116058301	0.38628858	1.98389602	TBR1_exp1_wt_9	exp1_wt_9
TBR1	0.67791986	0.47084409	1.33778811	0.34891048	0.681041	1.15442013740539	0.40006664	1.66140807	TBR1_exp1_wt_10	exp1_wt_10
TBR1	0.73178315	0.74568874	2.03171849	0.39799297	0.87152994	1.4920961856842001	0.4617821	2.1852684	TBR1_exp1_wt_11	exp1_wt_11
TBR1	0.58302259	0.56219947	1.36661553	0.33482495	0.611552	1.28651618957519	0.35346708	1.93479991	TBR1_exp1_wt_12	exp1_wt_12
TBR1	0.7349261	0.8091349	1.50263298	0.3509233	0.84695846	1.19775974750518	0.46313372	1.6149379	TBR1_exp1_wt_13	exp1_wt_13
TBR1	0.43368506	0.43304172	0.58980119	0.17238821	0.51922721	0.52097904682159402	0.33348382	0.59311408	TBR1_exp2_het_1	exp2_het_1
TBR1	0.64447665	0.41035339	0.46422401	0.23186073	0.49365568	0.56777554750442505	0.42560965	0.51527816	TBR1_exp2_het_2	exp2_het_2
TBR1	0.55214959	0.33508044	0.52291697	0.22672546	0.51463467	0.56221407651901201	0.47789624	0.64942342	TBR1_exp2_het_3	exp2_het_3
TBR1	0.50284976	0.31407997	0.44378322	0.16735274	0.46884027	0.41704589128494202	0.45482981	0.42354673	TBR1_exp2_het_4	exp2_het_4
TBR1	0.48010141	0.36174038	0.58148438	0.26300371	0.41545418	0.54933416843414296	0.28869364	0.80495942	TBR1_exp2_hom_1	exp2_hom_1
TBR1	0.73222244	0.46538401	0.77299154	0.37177956	0.6126796	0.90780806541442804	0.46197587	0.93196905	TBR1_exp2_hom_2	exp2_hom_2
TBR1	1.01828444	0.42197892	0.77211481	0.38346621	0.68761134	0.59749066829681396	0.4186596	0.92600602	TBR1_exp2_hom_3	exp2_hom_3
TBR1	0.45768636	0.34539184	0.43043244	0.32272962	0.50115776	0.69782280921936002	0.2905854	0.78864866	TBR1_exp2_hom_4	exp2_hom_4
TBR1	0.50389344	0.45138276	0.5210709	0.20228568	0.55614179	0.57446491718292203	0.37628442	0.58348119	TBR1_exp2_hom_5	exp2_hom_5
TBR1	0.84126389	0.39128399	0.54922116	0.2022998	0.57918	0.47434371709823597	0.4715012	0.6200828	TBR1_exp2_hom_6	exp2_hom_6
TBR1	0.89228481	0.33028775	0.46981093	0.22472356	0.47753325	0.50188344717025701	0.4007735	0.54958057	TBR1_exp2_hom_7	exp2_hom_7
TBR1	0.60095114	0.49309948	0.76363677	0.26520053	0.61514241	0.66206574440002397	0.47634035	0.7517429	TBR1_exp2_wt_1	exp2_wt_1
TBR1	0.67995793	0.54057848	0.70898032	0.35844323	0.6563406	0.72330331802368097	0.56262404	0.80316937	TBR1_exp2_wt_2	exp2_wt_2
TBR1	0.64715785	0.30431303	0.49106735	0.25076574	0.43993819	0.51510292291641202	0.5217824	0.60671902	TBR1_exp2_wt_3	exp2_wt_3
TBR1	0.63957053	0.28302729	0.55013621	0.20981394	0.44042748	0.50312340259552002	0.48191985	0.59214884	TBR1_exp2_wt_4	exp2_wt_4
TBR1	0.62163156	0.24809919	0.27738994	0.13626245	0.43676966	0.49184715747833202	0.52003205	0.26075101	TBR1_exp2_wt_5	exp2_wt_5
TBR1	0.57987839	0.41524905	0.63545585	0.18987109	0.60517281	0.569513499736785	0.45700756	0.70126855	TBR1_exp2_wt_6	exp2_wt_6
TBR1	0.83232868	0.34644887	0.60931569	0.29777661	0.57635093	0.55580490827560403	0.65128434	0.75591874	TBR1_exp2_wt_7	exp2_wt_7
